3 4 3 1 4
3 1 2
1 2 10
2 3 30
3 4 20
2 4 4 2 1
3 1
2 3 3
1 3 3
4 1 2
4 2 5
2 4 3 4 1
5 5
1 2 10
2 3 10
3 4 10
1 2 0 1 2
1
8 5 10 1 5
2 7 1 8 4 5 6 3
1 2 5
2 3 4
3 4 7
4 5 3
1 3 25
2 4 23
3 5 22
1 4 45
2 5 51
1 5 99
8 30 60 1 15
1 2 3 4 5 6 7 8
1 2 3
2 3 4
3 4 5
4 5 6
5 6 7
6 7 8
7 8 9
8 9 10
9 10 11
10 11 12
11 12 13
12 13 14
13 14 15
14 15 16
15 16 17
16 17 18
17 18 19
18 19 20
19 20 21
20 21 22
21 22 23
22 23 24
23 24 25
24 25 26
25 26 27
26 27 28
27 28 29
28 29 30
29 30 31
30 1 32
1 3 5
2 4 6
3 5 7
4 6 8
5 7 9
6 8 10
7 9 11
8 10 12
9 11 13
10 12 14
11 13 15
12 14 16
13 15 17
14 16 18
15 17 19
16 18 20
17 19 21
18 20 22
19 21 23
20 22 24
21 23 25
22 24 26
23 25 27
24 26 28
25 27 29
26 28 30
27 29 31
28 30 32
29 1 33
30 2 34
0 0 0 0 0
