0.0 0.0 1.0 2.0 1.0 -2.0 0.5 0.0
0.0 0.0 1.0 2.0 1.0 -2.0 0.5 -0.8
0.0 0.0 1.0 2.0 1.0 -2.0 0.5 -1.2
0.0 0.0 1.0 2.0 1.0 -2.0 1.2 0.0
0.0 0.0 1.0 -2.0 1.0 2.0 0.5 0.0
0.0 0.0 1.0 -2.0 1.0 2.0 0.5 -0.8
0.0 0.0 1.0 -2.0 1.0 2.0 0.5 -1.2
0.0 0.0 1.0 -2.0 1.0 2.0 1.2 0.0
100.0 100.0 -100.0 -99.0 100.0 -99.0 0.5 0.0
100.0 100.0 -100.0 -99.0 100.0 -99.0 0.5 -0.8
100.0 100.0 -100.0 -99.0 100.0 -99.0 0.0 0.1
100.0 100.0 -100.0 -99.0 100.0 -99.0 0.0 1.0
0.0 0.0 2.0 0.0 2.0 2.0 1.5 0.5
0.0 0.0 1.0 4.0 5.0 3.0 -1.0 3.0
0.0 0.0 1.0 4.0 5.0 3.0 2.0 1.0
0.0 0.0 1.0 4.0 5.0 3.0 2.0 1.3
