1 -47 0
1 0 0
1 1 0
1 20 0
4 -15 0
7 -1366 -6869
7 654 -3861
9 -9698 194
11 126 55
16 -376 2193
16 -216 729
16 -200 625
19 700 576
20 43 0
24 -7333 -4667
25 880 7744
38 1937 -9546
47 1297 -4960
59 -9964 6623
59 -4140 4761
64 -6775 -954
78 -1109 920
87 4197 1765
100 -740 1369
103 4688 -7191
107 -8652 -1215
117 1637 -4234
121 946 1849
133 -2257 9490
134 -167 -117
138 -6295 -4587
140 -557 462
148 3889 963
155 -2196 6273
158 -7353 -5540
163 5495 3828
169 1508 3364
170 2043 6112
170 5767 -9514
195 -532 361
198 1153 -2096
225 -1305 86
225 -15 -182
240 -6634 3097
268 -9395 721
280 -3746 8025
285 -3647 8866
285 377 -4732
329 -8604 1613
336 -2413 4015
336 -1906 2555
342 3529 8687
344 785 194
344 6779 -2898
345 7154 -6955
361 -2090 3025
361 589 -630
361 2736 5184
367 -9694 -5971
368 3865 -6303
370 -2021 1849
372 6592 5555
391 815 -156
392 -4977 -5472
396 5475 -2881
425 2230 -2511
429 3791 1800
432 3693 3850
441 -5249 4867
462 -3569 -218
466 -4030 -2057
477 8478 -2056
483 -836 121
494 -495 121
516 1195 606
517 -6573 8856
517 2129 -2850
520 -1431 729
541 2993 -2817
549 1176 592
551 -3408 5041
551 -1465 -4386
566 4410 -3289
567 -7895 -6592
572 597 -584
578 -3179 3510
594 1641 -1969
595 -5636 -324
611 -3136 -67
625 -350 -2067
625 3550 5041
625 3950 6241
627 299 -9086
637 -6545 852
640 -468 81
670 -3217 2898
675 -4175 -928
689 771 -864
700 192 9
708 -979 336
715 1644 833
720 -1838 -5301
729 -1701 -2200
729 -270 25
736 4941 -6697
738 -9773 -1289
756 -3097 1805
757 -781 773
760 973 -1479
763 -3068 -3735
770 5721 8758
775 889 -258
784 -56 -7055
803 -9980 2412
824 1594 -1659
841 1624 784
846 -3193 961
869 3370 7106
897 -2797 2180
935 -2328 1161
935 4 -148
936 5685 5750
938 9677 7854
950 8667 -1232
961 1333 -44
994 6633 2420
1024 3264 2601
1035 7664 7616
1045 666 81
1047 -9605 -8650
1081 -1898 696
1095 -1688 -528
1105 1163 -3794
1107 463 -874
1134 -5475 5699
1152 -4081 -3306
1155 9057 -3989
1161 -4544 -3172
1187 9042 5687
1188 3477 2030
1218 6320 -5879
1225 -6790 9409
1225 -483 -432
1240 1202 -1599
1241 6196 3723
1246 -4495 -5004
1254 7561 4117
1260 -4479 1292
1260 -2869 -5728
1274 1973 -5767
1276 -2661 1278
1299 2038 6354
1310 -5809 -387
1311 7475 -7216
1333 -3490 237
1368 2919 1541
1369 -5254 5041
1369 -4360 -6946
1369 -3330 2025
1377 3530 1600
1390 5952 4453
1425 5414 -1632
1451 -5733 -4819
1456 -2538 -6885
1460 -2952 799
1469 3225 -116
1475 2604 961
1520 6678 6649
1521 -520 -564
1521 3861 2294
1548 -9223 1612
1550 -1773 244
1593 -9321 -2530
1605 1681 272
1616 -2616 -2889
1631 401 -1273
1664 -746 -483
1664 8737 5858
1681 -984 144
1685 5902 -918
1690 -7033 2499
1717 -1800 188
1739 -9794 3315
1746 3479 -437
1748 -1213 207
1760 1764 441
1785 4957 -4740
1800 4662 -1715
1805 4332 1591
1809 9388 4960
1826 -6099 9011
1840 3481 889
1849 -4902 1485
1849 3053 1128
1849 4429 490
1849 4558 2809
1852 -1099 2963
1886 -5639 -1812
1892 -7583 6048
1903 -8434 2655
1910 -4609 1862
1920 3257 -7024
1938 2579 -3160
1947 5012 9200
1965 4196 532
1978 -709 -1980
1978 6887 3937
1995 6214 687
2021 -190 1393
2021 9324 8320
2041 5194 -3013
2044 -8221 -3624
2044 7167 -2461
2077 -2315 348
2078 7411 -6030
2093 -5587 3600
2106 -6719 -817
2115 -4372 1633
2121 2669 -682
2123 4806 1720
2125 -9511 600
2128 4223 2014
2135 5123 -616
2172 3211 -3771
2180 646 6161
2183 -1255 980
2219 2439 2268
2220 6283 -1610
2244 -2165 -989
2250 -6205 -4712
2260 9647 2844
2268 -3543 1067
2291 2592 576
2296 5294 2775
2327 -7109 -1714
2345 -3092 -2508
2361 -4010 125
2363 -1773 -26
2401 735 -5644
2420 -5137 -801
2457 1400 1917
2475 -9903 -9322
2482 341 -3198
2483 3613 1310
2485 6263 3696
2500 1900 361
2509 537 -9943
2520 -1026 -1591
2573 -5217 -716
2573 -4157 -3976
2581 5063 -1158
2610 -9083 6109
2617 1029 5668
2650 -3341 799
2666 -5537 2867
2667 2404 -1991
2679 3514 -3944
2704 -3666 -3213
2704 1768 289
2759 7096 6208
2783 -394 -825
2788 7251 4680
2793 -3215 -3432
2831 -1569 3180
2831 8825 6650
2835 -3264 -2435
2848 -3985 1375
2894 -5996 1861
2907 3374 944
2924 -5555 -8281
2992 1013 -975
2996 -5276 825
2996 325 -5661
3034 1693 -1185
3080 9686 5243
3082 -7133 4116
3147 6518 -1925
3212 2139 -4070
3220 4247 -7802
3265 -369 4335
3281 393 811
3289 7078 3565
3311 -7080 3481
3325 5000 -1773
3355 5552 -6987
3364 4756 1681
3366 -4625 414
3427 6603 3116
3445 4232 -8733
3483 -1558 -80
3503 5557 -7461
3505 -4751 -6023
3534 -7231 -7138
3569 -2032 -25
3575 -1889 -1288
3575 8452 4485
3604 3701 -5375
3626 4471 1320
3635 -9543 9298
3648 -1583 -390
3649 837 -1386
3668 -6725 2550
3675 8762 -5217
3695 8054 7735
3696 -5821 -6780
3700 -325 -3738
3715 2432 4137
3717 5411 -1955
3721 -6161 2520
3744 -7065 -6500
3753 73 -26
3763 9649 -7224
3772 -3017 -1470
3780 -4049 1072
3806 -547 -3588
3808 4225 9730
3852 -8401 3422
3880 -2527 -2913
3912 4703 -29
3918 976 -231
3926 -8557 -4020
3927 -3898 -3869
3941 -3933 -5585
3955 5705 -9616
3960 -5679 943
3965 -1401 -6734
4018 4651 -1380
4025 -8324 3168
4030 -8369 2781
4071 -2203 70
4096 -1664 169
4096 -384 -2907
4130 2941 -888
4163 -4247 -5658
4172 5665 197
4225 -3770 841
4247 -2563 -2520
4268 6681 2610
4273 -3192 7561
4300 3671 414
4305 3161 558
4307 9508 5981
4316 3375 -4466
4370 7493 -4482
4375 -2000 -2112
4392 6679 -485
4410 -8749 -3277
4414 -594 -7747
4446 -7911 3010
4449 -2802 -2635
4489 -3886 841
4489 -3618 729
4489 -402 -3016
4489 1474 121
4563 -9325 -4958
4564 5301 -2623
4588 8241 2786
4617 4392 -1280
4624 -3162 -1645
4633 5932 -3621
4650 9191 -7141
4685 -4484 -4639
4686 4979 1045
4714 -9712 -9495
4715 1634 -5512
4760 8047 3399
4779 -1954 -6160
4800 -8081 2407
4873 4926 7529
4882 -1132 -6313
4891 -5698 -3993
4921 7643 1110
4923 -9639 -8876
4947 6215 -3002
5047 4021 3870
5107 7252 1588
5184 1440 -7469
5187 -4945 -4118
5198 549 -7847
5213 -1199 5588
5285 4562 969
5313 -2945 -1300
5328 -5344 -2597
5329 3212 484
5332 -3747 656
5341 -7544 -3492
5363 7589 656
5365 -7433 -7348
5376 -2542 -4805
5379 3494 192
5390 7973 -4588
5412 -161 -2573
5443 -6265 -6128
5452 1999 -8204
5459 -6515 1634
5460 -617 -4000
5518 -6991 -7140
5528 -3602 -4135
5604 9841 3545
5696 1995 -7076
5751 -3422 -9545
5776 6536 1849
5828 -1495 -2157
5833 8025 5429
5934 2657 -65
5950 6635 1209
5992 2389 210
6045 5809 -5974
6052 -3512 -357
6084 -7683 2263
6094 -7194 -3659
6142 3699 -2871
6182 -8259 -3770
6188 -6931 -1830
6235 5017 -9484
6241 -1738 -2088
6241 474 -187
6243 7980 797
6319 -4598 -2072
6324 -9695 -7579
6333 -3372 5548
6347 9754 6540
6365 9429 3484
6382 4215 -5419
6396 -1287 -550
6401 3794 -2352
6416 -437 5713
6425 9985 6907
6426 3482 7095
6437 1145 -738
6468 -673 -4485
6475 1139 -1794
6497 9960 -6512
6506 -2027 6088
6520 3059 7477
6561 4050 625
6615 -6414 -2405
6674 6163 -8358
6685 -8534 1209
6705 -6668 -1248
6741 -6367 -6760
6759 3932 7803
6800 8672 -6265
6806 9759 3213
6808 4211 -4620
6815 -3613 -3850
6819 7618 -5050
6845 -3117 -594
6875 -8905 2346
6889 -7802 93
6905 -3168 96
6960 1553 -589
6978 8545 -2286
7004 4875 676
7019 -7387 -3872
7045 -4820 1218
7056 8904 2665
7081 6787 510
7096 7834 -1295
7110 -7267 1849
7198 1885 -5625
7226 9513 -3369
7236 6739 -5495
7289 -2278 -5200
7296 -4988 841
7307 -4003 -8649
7371 1148 645
7426 7099 -582
7435 2162 135
7471 1214 4212
7484 -643 9006
7489 1846 -8181
7493 -9870 592
7567 1249 -9168
7569 7656 1936
7569 8526 2401
7571 -3549 -3920
7580 -9647 8213
7584 3946 -1625
7590 6138 3569
7623 -6550 7147
7631 4680 -4416
7636 3079 -507
7656 4385 525
7722 1155 1460
7811 8049 -560
7873 -3693 693
7954 -2327 169
7955 4854 -1512
7965 691 4458
7981 3119 5656
8019 6219 -710
8037 1488 -1909
8094 4799 -4699
8180 -4857 7397
8215 3492 1779
8256 7180 -2079
8265 -523 -8906
8279 2728 -8893
8395 -3363 -1444
8424 643 -9369
8487 -4446 -3685
8506 -675 -1197
8557 8679 -9928
8575 91 6339
8618 9033 -621
8621 -5860 -4160
8627 -5456 6653
8630 -3291 -9555
8640 2046 121
8701 2438 -5328
8763 -5811 -802
8832 -3916 -1121
8840 9199 1911
8858 2517 -1856
8881 -1307 -1824
8897 -9052 312
8911 837 9869
8930 4061 5536
8955 -3619 76
9016 -7303 952
9063 -9586 8871
9118 825 -1300
9144 205 -1566
9204 2291 -105
9209 512 -6024
9214 3107 5828
9229 -9387 4901
9288 -3333 299
9317 -7076 388
9361 997 -4455
9503 -4427 8904
9517 -5949 -1177
9664 -7607 1353
9701 -6300 -8902
9709 -6429 -7149
9709 8348 -1065
9738 -1919 348
9779 -981 -3467
9785 1186 8691
9853 8620 1218
9869 -4565 -3609
9912 -9446 -1995
9945 7903 -1342
9950 4603 -312
9989 2883 7500
0 0 0
