640
01110100
11110100
10111101
10100101
10110011
01110110
11101111
10001010
10101001
00011000
11000101
10000101
01000110
01100000
11000011
10010101
11110101
10110111
10011110
10101111
11110011
10101101
10010101
10101001
11110110
10011111
10101000
10111010
11101011
10111110
10001100
11011011
10001110
00110000
00111101
11100010
10011010
10011101
11101100
10111100
10100101
11110101
10110000
10110010
10100111
01101100
11010101
10111101
11000101
10010111
11110100
10000001
10011100
10011101
11101101
10010011
10001101
11010100
10110010
01101110
11110010
10001000
10101111
10000111
11110110
10101111
10101101
10001111
11011100
10010110
11010010
10000101
11101010
10110001
10111111
11110101
10111000
10111110
10111101
11001100
10010100
00110111
11101001
10011001
10010001
00110110
00111110
11101111
10101010
10011100
01101001
11110111
10010011
10011001
10101100
11010111
10100100
01011011
11110101
10001110
10001011
10101101
11110100
10111100
10000101
10011000
11001100
10100101
11011110
10000010
11001010
10001010
11110111
10000010
10000000
10000111
11100100
10101101
10100001
11101100
10101010
10111110
11100011
10001101
10100101
11110011
10000000
10000110
10010100
11101001
10010010
10011100
11010010
10111001
11110011
10011110
10111111
10000100
00100011
11001111
10101101
11101010
10100100
10001011
11100101
10110010
10100000
11010110
10111011
11110010
10111011
10100110
10111101
11100000
10101001
10101000
01000010
11110111
10110001
10010101
10010101
11110001
10010011
10100110
10000111
01001001
11001010
10101000
11110101
10001000
10111001
10001010
11100011
10111100
10011001
11110001
10001100
10001111
10010011
11110010
10011110
10010001
10111101
11010011
10111111
11110000
10010110
10010001
10010001
11001010
10111001
11101110
10010010
10100011
00110001
01010001
00000011
11110111
10001101
10011111
10001100
00110100
01111000
11110110
10001000
10111011
10100011
11110110
10110010
10010011
10011100
11100011
10011100
10101111
11001001
10100101
11001100
10001100
00100010
11110101
10101010
10011110
10111100
11100100
10011100
10010110
11100001
10101100
10000000
11000100
10111011
11011000
10011110
01101001
11101100
10011100
10000100
11101111
10001010
10001011
11100010
10100010
10000110
11110110
10010110
10111111
10110010
00010111
00110001
11110110
10000011
10101010
10100111
00010110
11001110
10001010
00001010
11000111
10110101
11110101
10000110
10000000
10111110
11000010
10000100
11001110
10101010
11100001
10110011
10100110
11110100
10001101
10011001
10100000
11110111
10110010
10011100
10000001
11110001
10110001
10100011
10100100
01010010
11100010
10111100
10111101
00010010
11010100
10101101
11100110
10100100
10010111
11011011
10111010
11100110
10011111
10101111
11110010
10010000
10100101
10101011
11110111
10000110
10001110
10001110
11110101
10110010
10110101
10001111
00111001
11101100
10011000
10110110
11100101
10100010
10010111
11010101
10000011
11110111
10001010
10111011
10111000
11110110
10101101
10100100
10011001
11000011
10110010
01111101
11101010
10100011
10010111
00000001
11000111
10100011
11101011
10110101
10001011
11110001
10110011
10100011
10100001
11110010
10011100
10100110
10001000
11101010
10111101
10101100
11010101
10001011
11110011
10101110
10001001
10010011
11101110
10110100
10100011
00001110
11110111
10100001
10110101
10000011
00110000
00001101
11110110
10011010
10000100
10101000
11011100
10010110
00001101
11101111
10100001
10110110
11100011
10001001
10101110
11110100
10110101
10111111
10111010
11110101
10100111
10101100
10000010
11110101
10110000
10111010
10101010
11100111
10101001
10110011
00110010
11100001
10111011
10100110
00111011
11110101
10110110
10011101
10000110
11110111
10100101
10010111
10100011
01101000
11101000
10101000
10101101
00010100
11101111
10000110
10101011
11000111
10000110
11010001
10100010
11010100
10011100
11010110
10001101
01001000
11110110
10010100
10010000
10010010
11110011
10100100
10101110
10000110
11010110
10010110
11110110
10111111
10100011
10000110
11100001
10100000
10101100
11000100
10001100
11101110
10011010
10101000
11011010
10100001
11110011
10010111
10000110
10010010
11001000
10000111
11101010
10000110
10110110
11011101
10011010
11101111
10011011
10011001
11110111
10001000
10111001
10010010
11011010
10000110
11110010
10001101
10111101
10100101
01000010
11101001
10101110
10001010
00110100
11101101
10101100
10010111
11100001
10010111
10010001
11110000
10011010
10000001
10001100
11110101
10101101
10100110
10010110
11110110
10110000
10110101
10101000
01111010
11101000
10101011
10111001
01000010
01010000
11100001
10111100
10011101
11011111
10110100
11010101
10101001
11110010
10011110
10100011
10101111
01111100
00100011
11101100
10111001
10000000
11110110
10101011
10001011
10111110
11001101
10100110
00000111
01001010
11110101
10011100
10000111
10011110
11000011
10101001
01000001
01110000
11011001
10110000
11110011
10011101
10000001
10110100
11011101
10100101
11011100
10111100
11101101
10101000
10111001
11000110
10011111
11110111
10101111
10010111
10110010
11110100
10000110
10011010
10010011
11010010
10011101
11110101
10000101
10010000
10110000
11110010
10101000
10111011
10000111
11110101
10010110
10011111
10111100
11110101
10110011
10111000
10100101
11101111
10010001
10100010
11011011
10010011
11110111
10010000
10101011
10000010
01110010
11110111
10010010
10000110
10100001
11110101
10101010
10011000
10001010
11110010
10010010
10110000
10000001
11010101
10100110
11110010
10001111
10001111
10001100
11110100
10001011
10110000
10100000
11110010
10001010
10100101
10101010
01000010
00111111
11001101
10001011
11110101
10000010
10000101
10111100
11001001
10100010
11110001
10100010
10000100
10010101
01010111
01100100
11010100
10110010
11011111
10101001
11100110
10101001
10000110
11100010
10100100
10111101
11100101
10000010
10011100
11011010
10010101
