1000
11110101
10011010
10011000
10001011
11011011
10110100
11110101
10000101
10001001
10001101
11100111
10100011
10110100
11110100
10011111
10010001
10000001
00101000
00100100
11110101
10011000
10000011
10011100
11011010
10100111
11110101
10100110
10111111
10010011
11011000
10000011
11110110
10111111
10010110
10100110
11110010
10011010
10011011
10100111
00100010
11001111
10011010
11010000
10110100
00010001
11100101
10101001
10101111
11110100
10100011
10101001
10101101
11110010
10011111
10100011
10101000
11000100
10110000
11110100
10001100
10000110
10110001
01100100
11010001
10100111
01011000
11110111
10101000
10111000
10011100
11100100
10011010
10110011
01000111
11110100
10000001
10101101
10001100
11010000
10110001
11001011
10011001
11101111
10101100
10011111
11110111
10001111
10101011
10101000
11110101
10000100
10001011
10010000
11110000
10010010
10010100
10011111
01011010
11000110
10001101
11110101
10001110
10000101
10111101
11110110
10000111
10110110
10011100
11101111
10110100
10101010
11110101
10001010
10110000
10100011
11010100
10011110
11100000
10100100
10011000
11110000
10111010
10110011
10001000
11010101
10100011
11110100
10101100
10011110
10111011
11001111
10001101
11110101
10010001
10000011
10110101
00001101
11100000
10110110
10111100
11110001
10010111
10000100
10100111
00011000
11101111
10100001
10011101
11110010
10100111
10111100
10101110
11101001
10100000
10000101
11100010
10110010
10001011
11110011
10001110
10001011
10100101
11100011
10101001
10111110
01000000
11100010
10001101
10011111
11110001
10110001
10110100
10101110
11100001
10100000
10111011
11010101
10111011
11101001
10101000
10011001
00110001
00110001
11001111
10001010
11101111
10100100
10110011
11110101
10101011
10110010
10100101
11110001
10111100
10010101
10100111
11110101
10001100
10001010
10001000
11000011
10101011
11001010
10101110
11110011
10000110
10110011
10011110
11110110
10100100
10101000
10001110
11100100
10101001
10111111
11110110
10101001
10110010
10110010
00111010
01010000
11011001
10101111
11110100
10000111
10101010
10001011
00011110
11001011
10001011
11011000
10111110
00001101
11101010
10100011
10001011
01001010
00111111
11011110
10000011
11100110
10001011
10100011
11000010
10101000
11110001
10110111
10010110
10001101
11100010
10011111
10110011
00001110
11000010
10010010
11010101
10011100
00000010
11110011
10010011
10110100
10101011
01101111
11101000
10111010
10101001
01001110
11110000
10101010
10000000
10000000
00101010
11110111
10010011
10000000
10111111
11110010
10010110
10000001
10101000
11100000
10101110
10110010
11100110
10000100
10000101
11010101
10101101
00000000
11011011
10101000
11101100
10011010
10000011
11101001
10011001
10000100
11110010
10000100
10100100
10110110
11001010
10101100
01001011
11010001
10010110
11100101
10010001
10101011
11101001
10101110
10101001
11101111
10110101
10011111
11101010
10100011
10111001
01011011
11010011
10101101
01000001
01110100
11110111
10100111
10101110
10111011
11100000
10111010
10101000
11010110
10111110
01000110
11010000
10101010
11110110
10100100
10101101
10101011
00111101
11010010
10101100
11010000
10110101
11100010
10111001
10101010
11001011
10111000
11110010
10010110
10010101
10000100
11110100
10001011
10111111
10110010
01110011
00010100
11101101
10011000
10110001
11101111
10111001
10001010
11011010
10010011
11100001
10100110
10000110
11101011
10100110
10010011
00100010
11110110
10000001
10000010
10001110
11101110
10110001
10001101
11100111
10101010
10001101
01110010
11110110
10010010
10010011
10100111
01001101
11010100
10000011
11101111
10100010
10011110
11011010
10111011
11101000
10000111
10100000
01000101
11110110
10011100
10100010
10100110
00101110
01001000
11000101
10000010
11110100
10010001
10101111
10100100
11110100
10101101
10000100
10110111
00101110
00101101
01001000
11001111
10000100
01100100
11110101
10110101
10011000
10011011
01000110
01100001
00011000
01110000
11100011
10100011
10010010
00110100
11001011
10001110
00111001
01100001
11000100
10001100
11100111
10000101
10101011
11110000
10100010
10001110
10000001
01101101
11010100
10100101
11110101
10101011
10110101
10101110
11110011
10010011
10011001
10110000
11000011
10011010
01011010
11010100
10100110
11110010
10101110
10010000
10111110
11100001
10111011
10010100
11010000
10110110
11000111
10010110
11110111
10001001
10100100
10100100
00111110
01001011
11100110
10001111
10110000
11001001
10011101
11110000
10100110
10110101
10110001
11101101
10001100
10101110
11110011
10111100
10011001
10011100
11110101
10101111
10000111
10100101
11110001
10101000
10111001
10110010
11000101
10100110
11011100
10110010
11100001
10100110
10111010
11011000
10101110
11001010
10110000
01010110
01111000
01110101
11000011
10000110
11101111
10000101
10110011
11101100
10100101
10010100
11100000
10100110
10011010
00110000
11001011
10001010
11110100
10011000
10101101
10011110
00100010
11110101
10100010
10001100
10100100
11110011
10100000
10101011
10011101
00011001
11100000
10111001
10100101
00110110
00110100
11110010
10101111
10100101
10010000
11100111
10001100
10001100
11100001
10011111
10110100
01101010
11000101
10001010
00101011
11101111
10001111
10001000
11011101
10111010
11001011
10000000
01010101
11101000
10001101
10001010
11110110
10000111
10101101
10101101
11110110
10101001
10011101
10000001
11110000
10110110
10100111
10111101
11110010
10100010
10000001
10100011
11101000
10101010
10101101
11010000
10011100
00011111
01001011
01110100
11000110
10100100
11101100
10111011
10001010
01001100
11110000
10010111
10000100
10110010
11101100
10110111
10101111
11110101
10101011
10011011
10001111
11010001
10111110
11110000
10110100
10100010
10100110
00111111
11110010
10010110
10011101
10111001
11100111
10110001
10100100
11101000
10001011
10000010
11100000
10101111
10100110
11101100
10110010
10111011
00101011
11101000
10010110
10011010
11110000
10110111
10010001
10000110
11101010
10111111
10011011
11001110
10110010
11010010
10110101
01010011
11100110
10111110
10101110
01100100
11010001
10001010
00010111
11101100
10100011
10011111
01101000
11000100
10000100
11110000
10011100
10110000
10010011
11110000
10111110
10111000
10101000
01011000
11110111
10001010
10101010
10111110
11101011
10100000
10010011
01111000
01010001
11011111
10000111
11110001
10111101
10110101
10000010
00110000
11110110
10011100
10000010
10011101
00001011
11101111
10000011
10000101
01110000
11101100
10100011
10100111
11000100
10111000
11001010
10000110
11001011
10010010
00100111
11101010
10111010
10110101
11110111
10001101
10011011
10110000
11000100
10000000
11011110
10001100
00001110
11110110
10111111
10111000
10101110
11000010
10100011
01110100
11001111
10101000
11011011
10101111
11110111
10101001
10100101
10110100
11101111
10111010
10110010
11000100
10100000
11110101
10100000
10110110
10100100
11110110
10001110
10110010
10111101
11100011
10000100
10011101
11101110
10100001
10000010
11100111
10011101
10000000
11000100
10011101
01000100
11001010
10101010
01111110
11100001
10110111
10000001
11110111
10110101
10010010
10011111
11001001
10101010
11110000
10101000
10111101
10111111
11110100
10100111
10011010
10101100
00100110
00010010
11110011
10110011
10010011
10010001
00110100
01000110
11110111
10110010
10100000
10101001
01111101
01001111
00001110
00010000
11101111
10010100
10000000
00111111
01001010
01110101
11001111
10011000
11000011
10011100
11100111
10100110
10001101
00011101
11110010
10000011
10011101
10110000
11001101
10101010
01000100
11110011
10000100
10000100
10101110
11110110
10011011
10111111
10001011
11110100
10011101
10001001
10111111
00011111
11000101
10111010
01111011
01010001
11110011
10001100
10110110
10100110
11110100
10011100
10000010
10100101
11000101
10011110
11101110
10010100
10001001
00110110
11001111
10000010
11110001
10101010
10100101
10100101
11100011
10101110
10110011
01000100
01000110
11011101
10001110
11110000
10100011
10110011
10001100
00100011
11110111
10001010
10011011
10010101
01100111
11100000
10111111
10011010
00111100
11110111
10001011
10011111
10100111
01001001
11100011
10100000
10110111
11010111
10100001
11100110
10000100
10101000
11110011
10001110
10000010
10010110
00110010
11110110
10110101
10010011
10001111
11100010
10101110
10100011
00011010
11010001
10011100
00101010
00110110
11010000
10000111
11101110
10000100
10110000
11110100
10101001
10110011
10010001
11100110
10100111
10110010
11110100
10001011
10011110
10000100
11101011
10110101
10101010
11101001
10110010
10100010
11100011
10011000
10011000
01101101
11100101
10100110
10111111
11110010
10100000
10101110
10011111
01111111
11100111
10101001
10000010
11110010
10000101
10010110
10110011
00001001
11110001
10001011
10011001
10000100
11101010
10010101
10111010
11011111
10011101
11110111
10001101
10010011
10001110
11011110
10001001
01101011
11101101
10011010
10100110
01111001
00110101
00010110
11001110
10001001
11110111
10000011
10101000
10010010
11100011
10010111
10000010
00001101
01100100
11100010
10001101
10011001
11010101
10100001
01000111
11000111
10100101
11101001
10101101
10000000
01011000
11010010
10010000
