1000
11110110
10100111
10111010
10000100
11101111
10001001
10110110
00101001
11001101
10101110
11110011
10000011
10001011
10010110
11110000
10110101
10110101
10011101
11100000
10111110
10010111
11100100
10001111
10010001
11101100
10001110
10101100
11010001
10100001
11101111
10010101
10111111
11100010
10101100
10001111
01111000
11010101
10000111
11000110
10111011
11101101
10100100
10000100
01100011
11101111
10000110
10010010
11001011
10001011
11101110
10111001
10101110
11000100
10010100
11110001
10101110
10100111
10001001
11110000
10100010
10000100
10000000
11101111
10000000
10101011
11100100
10010000
10000100
11001110
10110101
11101010
10010010
10111100
11101101
10100101
10111111
11011100
10011000
00010101
11110011
10110000
10100100
10110100
11011001
10001011
11001001
10000110
11110011
10100101
10010010
10010110
00100111
11110111
10000111
10110101
10010110
11100001
10000100
10110110
00111101
11011111
10001010
01011011
11110011
10111100
10111110
10000010
11101110
10100100
10100010
11010000
10101010
11101101
10000100
10101001
11110010
10111111
10001101
10110110
11000101
10011011
01110001
01011000
11101011
10110101
10010000
00100000
11110100
10100111
10000001
10001010
11001101
10001100
00010100
11110010
10010000
10101001
10011010
11100110
10010001
10111000
11110101
10100100
10010010
10001010
00011101
11010110
10001111
11101011
10100101
10001111
11110010
10101100
10010000
10110011
11110111
10001100
10100110
10011110
11101111
10010011
10011111
01001000
11001010
10111001
11101101
10011100
10100101
11100001
10101111
10101000
11010110
10011010
11101111
10000001
10110011
11000100
10110111
11101110
10111101
10000111
11100111
10000010
10010000
11100110
10000111
10010111
11110011
10100000
10101011
10111101
11001111
10011110
11010110
10101101
11001101
10000000
11000101
10010100
11110000
10110011
10000000
10001110
00100110
01000011
11100110
10110010
10001001
11001101
10111101
11000100
10100111
11011001
10101110
11110000
10110010
10101010
10011110
11110110
10110110
10010111
10010001
11110011
10100010
10110110
10010100
11110110
10000111
10000000
10010010
11000110
10000011
11101101
10010011
10110011
00010111
11100000
10111011
10110011
11100111
10101111
10011100
11101001
10011101
10001101
11100100
10111110
10011100
11100000
10100110
10010111
11100001
10011011
10000001
11110101
10111001
10111110
10001011
11110101
10110001
10000001
10110011
11110111
10101101
10111011
10100011
01000000
11010101
10011101
01100110
00011010
11101010
10100000
10111101
11100110
10100110
10110011
11100001
10000100
10100111
11010001
10110010
01110101
11001011
10111111
11110111
10101001
10010111
10101011
01101110
01111010
11101101
10110101
10110110
11110111
10010110
10011100
10000011
11110000
10110010
10011101
10110101
11101000
10101000
10001100
11110010
10010001
10111101
10001111
11100010
10110001
10110010
11101001
10111111
10100001
11101110
10101101
10110001
01100000
11101111
10111101
10001010
11000111
10100000
11110010
10101011
10101001
10110100
11011010
10001001
01100111
11110000
10101001
10011010
10000110
00011101
11011000
10100001
00011011
11110001
10101001
10100111
10001000
11010000
10011100
11101001
10101100
10001010
11010101
10010101
11100100
10011010
10111110
11001001
10100011
00111110
11100011
10000110
10111000
01101101
11110000
10010001
10001110
10001011
00110000
11010110
10110001
11110110
10010100
10101101
10001101
11001010
10000100
11010001
10110001
11101101
10001111
10111111
11110011
10101001
10001100
10000000
00101111
11011111
10110010
00111001
11110101
10100010
10100100
10011001
11000101
10010110
11110011
10110101
10100011
10011010
11101111
10100011
10110011
11001010
10011001
11011010
10000101
11000010
10110011
11011100
10110000
11110111
10100100
10011100
10100100
11010100
10110001
11110010
10000011
10100001
10001010
11100100
10101101
10110011
11011001
10000001
11110010
10001100
10011001
10000000
11110010
10110011
10000101
10101100
01100000
11110010
10000001
10111010
10010101
11110101
10100100
10000010
10001101
11101111
10101100
10101100
11001101
10111111
00101100
00110110
11110011
10101001
10111000
10011011
11100001
10000001
10110010
11110001
10111011
10101010
10110000
01001110
11110101
10011000
10110010
10001110
11101011
10101000
10111010
00010000
11001011
10011101
11001101
10011100
00011010
11110010
10101000
10000011
10011000
11110010
10111000
10000001
10001111
11110001
10110011
10001110
10011101
11000101
10100010
11110000
10101110
10101010
10111110
11011010
10101111
00100000
11100010
10110101
10111010
01010000
01110000
00000101
11110001
10110110
10110111
10011001
11110100
10110000
10100101
10101110
00100010
11101000
10000110
10100101
11110011
10001001
10011111
10100111
11110001
10101001
10001110
10000101
11010011
10011101
11110101
10001001
10110000
10010000
01000011
11011001
10110011
11100111
10001001
10101000
00010001
11101111
10001101
10001110
01001011
11101111
10001110
10110011
11001101
10101110
11110000
10010101
10110111
10010100
11001100
10100010
01111001
11110001
10001011
10111100
10101100
11010101
10100001
11000111
10000000
11100010
10111101
10111101
11110100
10101001
10000001
10101010
11110001
10001011
10111000
10111001
11010111
10101111
11110111
10100011
10110110
10010010
11011001
10010010
11100110
10011011
10110000
11110001
10001100
10011111
10110010
11100110
10001000
10010101
11101110
10011111
10010000
11000110
10101110
11101101
10100001
10101111
11011100
10001100
01111111
01100001
11101000
10001010
10101101
11011001
10110010
11101010
10111010
10001110
11001010
10110101
11101011
10001001
10010110
11100001
10010101
10110011
11001000
10110000
11110000
10011100
10111101
10100101
11100111
10100010
10110101
11100001
10101010
10101110
11001100
10101111
00110001
01101001
11101110
10110001
10110001
00010010
11000110
10001100
11110110
10100001
10000001
10110000
01110011
00100010
11010010
10010111
11101010
10010011
10001100
11101101
10001011
10001111
11001100
10000110
11011010
10110001
11001011
10100001
01010001
11100110
10001111
10101111
11110100
10000101
10000100
10010011
11101110
10000001
10100100
00011111
11110101
10110101
10010000
10011001
11001111
10000101
11101110
10100100
10101101
11100111
10111101
10101100
11110001
10000010
10100111
10000110
11001011
10100010
11110110
10010001
10010001
10110101
11100101
10000001
10101000
11110101
10011100
10110010
10111000
01100110
11101101
10000110
10011000
11101001
10100110
10010110
11000101
10110011
11100001
10010110
10100101
11110011
10110101
10000111
10010100
11110010
10001111
10010011
10010110
11000011
10111110
01001111
11001110
10001000
11110010
10011110
10000111
10111001
11001100
10100010
11110111
10100011
10100110
10011100
00100101
11110011
10111100
10101100
10000100
11110011
10000101
10101100
10101001
11011001
10011101
11100100
10110100
10000000
00100010
11100101
10011100
10011111
11110101
10111000
10101000
10100111
11110000
10011001
10001001
10101101
11110001
10100000
10010101
10011100
01000101
11100110
10011000
10010001
11100001
10110000
10100101
11110111
10101011
10001111
10101011
11001111
10011000
11110110
10011011
10110101
10000111
11110011
10101111
10110111
10110000
01001001
11110101
10011110
10110010
10111101
01101001
01110101
11010000
10001011
11001001
10011000
11000010
10011100
11110011
10110000
10101101
10010011
01011001
00100100
11001100
10101100
01110101
11110110
10111000
10100110
10000111
11110010
10010101
10101001
10001101
11001011
10101000
11110011
10011101
10101000
10001011
01100011
11000101
10011001
11110111
10011100
10101110
10010100
11101110
10110011
10101111
11110011
10000011
10010100
10110101
11010010
10000010
11110110
10000000
10001100
10001001
11110110
10100100
10111110
10101011
11110110
10100011
10010111
10100110
11010001
10100101
11011001
10110000
11101001
10100010
10110101
11011010
10001111
11100110
10111011
10100100
00001111
11010011
10101000
11011010
10001101
00010001
11011101
10001110
01111000
00110010
11000010
10000000
01100110
11100001
10010010
10010111
00010010
11110110
10110100
10000011
10101000
00111110
11000101
10110000
01010000
11011110
10000010
00001000
11000110
10101100
11001101
10011010
01110110
11110010
10010001
10001011
10110111
11110101
10011101
10011101
10001110
01001010
11100011
10011100
10110111
11001011
10011011
11100101
10000100
10111100
11101100
10011000
10110001
11110010
10100110
10101110
10101101
11100111
10110110
10000010
11100111
10101111
10111101
11101001
10100011
10111001
11100010
10111100
10001011
00111000
11100111
10101101
10111100
11110111
10101001
10010111
10111110
11110011
10100111
10100001
10000011
11110011
10110001
10111010
10010010
11110010
10010001
10000101
10000010
11110111
10111101
10101100
10011110
00111000
11100010
10000011
10001000
11110110
10100101
10111010
10111111
11110100
10111110
10110111
10101001
11000110
10010111
11101001
10000111
10011000
11001100
10000001
11101101
10111111
10100001
11010011
10100010
11010001
10010101
11110010
10001001
10001101
10111010
11101011
10001010
10111011
11100101
10111101
10100101
11110110
10101010
10000000
10100100
11100001
10000100
10111110
11010100
10011100
00011000
01110100
11010111
10000010
01111000
