815 84 39
53 204
372 664
655 689
279 233
154 30
683 158
748 892
794 374
442 120
880 476
325 336
969 383
246 510
431 562
752 763
76 293
802 934
506 195
743 139
640 745
843 336
3 258
275 908
961 459
371 619
465 14
243 455
828 490
619 942
924 81
855 781
116 608
908 197
625 991
997 671
761 601
84 45
528 41
840 440
236 838
952 86
940 986
979 303
689 18
597 686
482 805
365 806
135 996
707 901
750 559
244 374
687 911
546 10
284 4
82 103
345 311
235 334
663 434
761 574
183 340
617 256
633 354
761 346
417 882
377 497
789 967
196 119
999 465
250 436
448 469
372 873
626 425
1 142
771 798
396 713
877 787
26 992
68 891
996 832
150 440
980 136
684 753
920 990
745 527
840 898
400 619
130 754
591 195
46 482
825 439
292 600
673 377
682 514
471 365
212 291
786 332
965 117
593 208
520 493
75 15
788 784
448 573
881 864
638 211
313 561
318 953
211 667
343 233
931 164
596 317
540 257
779 702
509 657
286 806
98 921
568 487
408 12
460 864
520 303
855 793
749 789
150 429
531 41
431 932
999 551
913 295
955 210
379 165
98 87
550 904
694 657
553 303
659 939
940 547
938 404
794 345
107 919
642 744
577 729
283 974
580 987
316 874
259 209
687 957
447 32
887 909
312 48
617 314
350 931
953 316
595 505
368 757
649 572
178 819
433 106
711 721
260 3
127 600
558 606
509 431
575 84
5 723
380 584
840 447
696 526
337 739
316 358
264 41
673 837
728 575
877 628
785 513
1 130
691 333
692 114
861 654
237 943
203 193
669 521
608 336
946 785
31 508
863 381
970 494
907 418
565 857
472 920
478 991
439 565
23 383
186 224
784 758
774 465
462 953
132 814
459 390
727 402
944 935
144 994
584 174
564 424
243 941
770 700
788 615
471 458
507 844
826 384
554 913
177 16
944 80
849 460
863 191
561 527
665 468
873 409
325 306
110 655
852 717
46 763
529 896
707 677
82 542
666 316
943 963
435 933
900 549
506 875
292 592
517 822
759 730
191 211
844 140
545 85
388 101
617 433
814 695
102 611
787 943
364 252
810 304
763 364
90 432
2 35
46 161
508 38
737 707
430 826
933 454
162 374
198 809
922 10
855 280
457 524
700 257
861 179
758 134
18 946
429 548
634 857
627 814
43 973
744 55
917 542
462 97
698 381
291 465
563 560
734 478
898 429
575 0
223 19
517 674
922 399
134 575
635 358
102 468
657 848
343 212
810 26
731 481
888 606
213 238
25 172
653 557
182 715
306 862
300 88
74 332
407 105
138 599
893 567
828 211
15 926
710 549
566 715
79 568
6 309
457 865
745 434
74 705
302 321
261 464
130 835
447 936
152 129
253 451
231 3
621 229
510 961
997 970
620 534
857 251
269 565
303 960
268 81
531 53
861 360
41 217
215 184
136 249
526 756
260 988
289 53
654 475
299 796
68 710
714 856
747 263
233 559
84 383
284 273
701 391
695 448
751 884
31 886
698 561
251 745
476 539
353 798
43 961
729 816
792 737
15 3
26 583
338 872
943 893
847 451
562 236
370 179
692 177
998 941
43 707
891 623
618 773
91 254
546 332
820 594
193 947
185 327
825 983
274 773
151 781
59 974
666 863
661 296
997 528
372 144
249 835
609 223
720 144
604 430
502 333
452 211
532 635
751 762
747 321
184 54
168 647
529 79
629 939
173 877
295 569
13 897
591 748
629 390
379 149
625 966
416 249
242 732
994 812
625 676
473 46
761 182
790 98
996 49
846 101
236 693
773 840
830 694
663 722
766 702
803 841
958 759
50 81
817 473
342 229
651 971
569 962
545 883
989 349
79 744
603 115
776 599
979 712
991 368
874 437
560 77
777 393
615 571
890 52
525 517
86 461
654 947
568 331
897 679
708 209
733 526
748 153
242 607
596 323
883 73
974 420
619 619
28 843
882 575
502 639
912 693
75 20
22 614
182 195
968 186
59 568
252 712
269 37
391 393
713 64
231 392
36 14
476 325
759 309
121 722
318 157
70 323
960 344
145 342
26 158
816 403
903 250
298 203
170 213
730 12
96 968
491 364
665 216
741 859
699 459
751 945
635 474
511 489
556 692
683 886
238 194
278 19
138 371
983 819
139 511
530 200
597 194
276 10
189 8
752 341
834 659
47 781
967 578
534 220
977 514
852 602
941 157
455 306
893 763
355 101
187 138
408 612
307 581
152 496
645 163
421 813
451 901
822 97
737 314
126 419
666 465
727 270
691 84
239 17
847 807
176 457
975 734
792 581
138 825
163 280
978 683
515 333
425 512
996 131
372 661
512 482
941 167
834 958
904 53
243 453
239 559
48 635
437 829
569 288
907 252
830 278
775 571
242 262
246 570
554 450
610 496
65 177
287 627
939 109
24 339
259 498
357 121
581 612
303 558
153 267
597 297
194 517
245 37
12 701
663 931
989 656
157 382
274 127
783 159
591 131
509 186
769 959
185 410
429 585
840 360
48 56
812 79
598 342
897 628
51 517
732 341
660 509
649 734
219 906
67 798
8 893
482 115
816 902
946 888
730 563
943 627
1000 866
214 450
571 75
16 379
627 239
427 240
947 844
9 320
660 845
674 666
126 199
49 606
738 604
717 204
594 178
555 609
965 735
861 653
825 613
335 45
451 655
7 401
176 461
833 289
408 158
659 533
164 539
52 799
556 258
340 938
917 870
612 882
918 1
775 150
314 578
131 283
665 756
753 116
273 621
416 951
979 747
756 878
341 924
656 712
322 562
94 293
692 794
649 926
972 645
819 819
922 292
902 984
996 670
978 498
556 304
538 518
962 171
472 30
905 626
932 467
516 244
16 952
163 868
843 82
393 845
978 410
155 267
510 349
136 932
480 512
346 310
223 326
764 247
598 551
699 211
425 439
493 872
172 610
393 705
764 236
592 102
211 104
779 820
185 905
630 479
39 270
969 546
619 730
403 653
582 842
164 954
5 829
88 157
957 885
601 558
809 865
239 783
426 224
380 966
627 931
730 484
433 872
829 973
994 56
365 879
15 976
499 377
400 742
511 38
775 63
343 825
946 114
401 523
64 155
9 29
725 509
843 282
206 912
617 61
471 725
803 459
378 575
856 530
445 550
363 308
981 91
38 111
605 449
505 534
67 967
640 788
137 468
452 590
37 81
736 889
583 496
831 261
803 248
633 833
311 144
598 783
824 191
764 330
866 250
465 647
986 805
436 848
650 991
225 974
833 279
40 522
2 231
557 502
782 969
297 206
402 977
382 753
271 648
361 748
80 199
189 178
667 267
906 93
84 667
770 745
461 104
369 576
849 100
654 820
569 989
204 880
782 401
554 953
425 755
282 317
337 187
828 423
514 58
264 116
267 954
503 260
851 378
494 367
194 392
909 52
423 647
333 704
989 538
753 900
518 917
718 293
461 717
860 495
112 613
226 736
607 446
588 522
63 536
574 925
446 595
149 439
813 712
43 420
471 918
207 39
13 519
866 439
694 394
704 349
674 876
470 517
231 398
666 128
674 387
894 164
648 446
427 627
401 904
505 129
939 205
221 759
732 930
472 589
469 777
3 144
992 210
794 675
529 294
571 280
461 663
640 785
282 169
455 46
250 544
268 620
321 404
104 609
509 921
304 626
886 802
213 966
323 277
74 672
907 171
