746 22 17
617 845
628 155
744 936
99 159
92 507
991 631
941 422
807 740
347 34
773 830
684 387
932 655
10 673
165 989
214 434
366 953
254 920
661 558
400 941
237 332
210 477
557 712
113 314
532 559
647 996
848 603
51 962
222 999
430 244
907 96
839 537
793 62
172 693
71 795
598 512
633 294
455 492
93 926
500 607
357 606
818 461
969 323
656 239
895 56
338 583
925 476
584 620
850 319
493 389
99 903
658 605
242 249
849 557
174 681
113 425
620 92
155 247
226 773
397 654
449 895
308 166
338 146
434 96
351 389
441 352
458 866
791 717
141 982
632 624
878 352
412 905
630 172
5 139
345 72
846 514
476 616
24 963
876 20
146 661
387 241
871 284
688 754
258 432
801 533
461 439
53 847
556 687
71 230
171 183
933 530
72 492
860 373
170 411
325 251
925 175
208 598
194 417
298 215
222 161
913 560
487 225
167 993
626 236
473 928
319 340
300 456
972 516
267 207
388 269
447 51
665 423
811 132
780 4
572 981
609 56
450 101
780 182
105 510
509 777
694 611
106 431
772 373
713 214
1000 386
395 817
660 458
629 711
670 368
72 288
128 38
361 134
823 23
920 682
253 545
733 84
113 322
721 528
200 826
8 183
456 566
715 500
276 730
110 458
53 651
929 56
705 573
452 794
472 34
133 109
533 844
982 758
52 929
525 960
20 519
61 47
813 272
669 880
610 102
34 886
852 932
762 540
942 457
908 375
568 70
363 283
418 944
849 104
324 42
232 692
138 183
295 740
736 811
291 760
567 54
84 214
306 407
709 996
213 755
533 710
807 274
209 806
876 660
178 505
437 218
957 879
968 29
943 507
92 89
671 235
213 602
939 33
862 793
274 562
790 621
909 632
620 81
1 811
248 401
674 385
726 590
947 267
428 71
580 324
692 317
164 75
311 834
245 435
88 377
962 480
236 894
16 687
664 551
402 405
410 779
893 918
598 478
433 740
697 450
563 241
0 855
203 390
582 400
557 206
391 80
192 283
639 334
464 963
184 144
50 36
692 216
688 695
167 612
616 774
392 654
693 532
406 584
142 175
916 225
497 237
551 274
190 807
900 898
153 567
784 368
541 529
288 509
965 490
448 695
897 320
199 598
749 77
78 399
151 496
639 74
743 6
685 66
518 267
438 983
808 359
94 187
943 293
710 193
56 265
986 335
98 705
841 423
435 6
608 24
204 638
877 789
217 320
739 224
778 955
455 791
395 451
830 737
790 214
89 377
756 134
60 159
206 887
567 188
917 954
24 136
956 240
485 583
384 710
95 576
732 358
252 864
858 457
944 526
185 280
720 270
893 252
633 175
508 144
660 823
220 640
265 866
167 273
868 862
123 536
704 284
182 282
797 878
959 813
134 645
318 599
567 533
888 635
163 74
244 412
543 569
428 208
391 711
451 621
752 66
109 283
371 950
339 312
837 674
919 691
119 298
233 876
953 216
755 847
478 106
706 400
796 278
744 411
775 914
592 471
379 919
847 264
195 104
861 641
405 263
103 485
185 70
50 105
789 13
989 397
826 904
49 175
307 913
151 774
47 664
256 278
501 873
764 601
233 650
459 522
261 68
26 355
460 848
218 964
34 959
585 218
671 744
835 227
598 264
815 551
123 270
513 13
756 619
689 536
77 178
11 596
876 56
675 92
727 845
57 259
58 505
527 756
572 836
622 823
512 826
173 187
898 952
567 890
420 942
508 889
195 854
999 159
603 550
121 205
315 637
371 123
588 195
487 382
75 935
852 413
175 262
594 793
322 717
952 24
912 598
67 524
551 838
450 272
616 155
722 708
310 621
451 488
603 581
695 563
22 922
542 823
873 330
982 18
517 117
959 667
425 48
190 823
306 456
597 934
346 487
598 817
576 245
860 835
717 866
234 252
367 679
897 546
294 228
455 884
935 73
414 274
418 178
965 797
0 19
224 519
744 251
139 34
520 709
169 398
543 844
528 467
373 240
214 711
295 237
777 7
507 421
720 990
565 13
167 172
358 737
785 702
411 828
279 576
579 320
913 163
72 37
174 308
383 515
827 249
797 299
396 113
840 930
48 330
477 791
322 851
878 923
404 53
734 606
261 681
635 582
66 952
904 329
405 609
647 952
211 478
148 353
59 960
995 970
321 754
686 295
496 385
32 497
717 338
558 717
119 113
517 539
938 507
699 622
296 31
183 482
970 476
802 958
907 759
170 806
246 535
473 22
682 131
607 269
150 919
858 967
227 487
217 660
51 676
602 638
512 984
943 61
514 470
137 499
461 153
28 195
285 990
69 395
698 880
240 920
420 461
887 904
505 938
883 444
325 712
782 321
298 655
960 35
124 167
223 836
480 129
805 96
581 803
703 519
794 442
77 259
897 360
30 561
170 867
932 820
410 646
189 451
93 545
830 850
667 35
730 908
512 701
686 492
135 823
939 560
794 653
371 741
529 131
801 381
85 59
393 911
553 637
715 723
216 834
374 704
536 17
698 738
451 940
916 502
480 873
736 806
633 198
262 921
916 861
811 645
536 712
788 175
964 320
222 463
936 758
422 900
404 293
328 539
402 82
666 346
613 621
317 11
188 19
773 506
240 653
168 206
70 454
171 22
14 470
38 8
744 811
967 373
688 748
974 354
84 56
458 506
566 508
994 994
340 754
625 482
61 738
525 443
888 141
585 289
477 600
461 931
689 923
209 103
197 891
382 92
324 790
982 729
660 66
472 216
506 922
936 409
209 673
656 111
893 884
753 47
386 909
729 455
294 278
716 45
416 49
196 795
815 256
38 582
845 798
546 277
4 4
392 156
955 815
892 655
465 874
860 367
226 478
893 849
635 13
615 22
12 381
941 659
540 185
729 72
539 6
424 636
797 785
222 173
27 256
413 757
329 267
19 487
526 517
829 611
950 408
985 99
699 596
39 9
271 23
536 800
38 495
167 197
551 555
275 420
927 327
633 93
356 340
109 264
488 224
843 6
237 353
960 331
232 314
818 97
822 811
594 397
675 555
886 303
348 285
611 290
218 363
412 162
890 275
420 191
412 84
178 759
489 227
915 572
39 494
938 495
822 694
348 81
264 807
727 864
323 436
486 172
93 545
340 203
517 469
721 482
117 54
97 223
861 208
808 825
197 128
833 775
645 316
631 789
252 477
472 624
290 411
763 942
607 738
305 119
178 844
637 304
558 363
186 479
801 530
770 35
733 520
329 590
677 603
636 727
945 703
250 722
287 347
246 796
187 497
719 47
954 961
222 114
194 819
915 439
704 305
320 236
522 771
478 455
743 397
724 398
801 185
836 991
100 172
55 169
3 11
1 662
394 883
981 691
65 993
526 886
823 235
286 492
59 588
408 979
351 728
