437 50 84
916 488
845 529
35 2
154 100
809 647
397 206
568 347
137 455
104 448
331 634
78 321
696 837
859 82
2 684
706 240
817 145
599 466
353 702
435 605
125 617
949 975
660 434
133 565
25 198
750 919
270 376
981 195
913 276
378 875
473 697
65 517
371 878
82 206
931 854
770 514
44 125
50 550
297 874
30 517
151 499
494 693
1000 191
161 313
791 460
710 93
423 656
376 499
724 906
237 625
829 599
570 97
78 632
751 441
5 955
810 926
103 508
491 500
790 752
856 59
734 935
11 424
822 681
891 262
152 970
280 926
43 277
267 828
360 636
910 782
612 745
997 441
933 550
140 47
333 228
461 935
749 244
816 583
585 835
411 750
918 622
566 786
232 220
542 401
483 441
127 589
311 927
674 347
708 824
305 135
414 114
354 956
938 81
876 276
126 513
553 293
621 811
954 815
148 409
216 617
828 640
539 163
799 868
661 458
510 244
497 204
234 213
181 428
586 707
458 667
326 565
989 754
654 265
312 19
40 51
609 200
293 486
841 311
797 929
617 453
463 268
378 592
587 42
609 264
298 262
858 25
859 517
150 80
989 673
348 36
242 731
309 192
321 220
990 900
845 526
346 775
544 959
157 920
967 876
370 449
267 725
944 898
116 72
88 899
381 696
396 487
373 437
176 551
198 703
364 549
617 920
190 928
346 354
850 931
619 864
527 588
770 945
779 555
2 898
152 530
856 661
575 616
94 458
264 484
541 228
274 814
813 572
689 829
377 899
146 290
172 371
357 529
843 428
467 22
589 514
973 332
808 76
226 141
530 595
953 710
846 65
78 594
26 543
542 234
781 381
794 495
462 378
717 356
208 941
691 319
258 50
915 571
749 240
733 551
981 399
991 688
443 330
810 431
510 842
270 823
992 434
371 612
861 585
852 856
655 833
789 873
662 728
217 117
44 610
464 993
374 913
643 21
839 79
181 98
669 973
884 799
453 14
750 618
234 640
646 377
698 726
768 611
21 529
379 615
703 159
268 352
365 258
113 899
247 678
618 936
519 732
1000 586
839 843
618 830
193 138
101 944
764 317
11 592
270 354
143 86
622 805
510 454
195 558
312 392
497 319
998 236
461 228
770 762
772 339
661 544
693 791
358 247
684 205
540 153
621 691
826 857
71 929
514 861
931 230
366 859
784 390
331 75
345 904
55 745
401 213
848 61
990 205
752 609
58 422
900 777
990 847
245 153
858 754
581 995
357 587
910 885
947 678
743 870
448 862
845 161
419 384
557 803
468 892
401 753
812 243
23 153
118 185
772 573
815 249
868 465
716 840
209 956
174 42
933 828
296 931
377 284
54 236
148 683
218 333
937 612
936 44
8 483
586 571
132 868
122 407
127 664
93 184
354 801
439 293
32 151
467 566
794 103
664 520
214 534
469 502
137 93
980 796
575 364
272 982
813 471
815 355
894 147
457 495
136 331
990 698
636 594
280 231
767 233
442 486
969 55
842 235
860 839
126 984
757 248
809 759
633 979
213 51
97 874
382 78
456 566
993 897
112 154
737 829
669 660
691 1
870 708
952 199
36 192
517 794
264 712
795 653
297 16
755 994
663 191
290 615
628 888
576 636
114 949
919 776
3 295
995 998
989 882
295 178
510 775
479 266
289 422
929 747
729 815
377 777
11 374
168 152
760 870
17 817
92 158
932 278
995 471
714 806
283 270
890 969
595 251
442 828
387 808
763 994
2 383
12 631
372 858
280 870
304 736
44 399
928 484
332 317
175 91
848 60
144 702
381 995
311 912
684 338
526 442
351 482
806 626
161 911
110 4
241 4
841 835
388 594
825 412
603 247
39 965
295 335
637 122
393 697
882 314
619 405
386 73
690 124
328 974
821 564
860 923
296 145
737 55
343 776
512 408
635 148
578 562
225 169
236 221
710 764
826 699
993 997
695 295
404 550
313 872
398 711
668 100
515 396
510 354
806 74
168 325
503 410
