346 92 51
258 117
434 689
566 542
869 105
989 61
138 29
886 769
677 10
570 950
856 335
247 911
65 6
808 379
507 109
1000 873
115 465
269 925
9 948
964 100
95 960
174 167
376 610
544 614
642 289
266 195
667 994
953 685
303 816
555 751
66 877
214 180
803 693
4 520
786 480
755 506
119 390
40 411
687 676
624 965
230 965
871 411
252 17
123 936
133 573
66 957
528 755
172 456
542 899
573 697
777 277
294 234
88 404
474 348
27 822
685 357
335 217
552 999
573 897
140 819
426 261
526 693
914 568
44 358
320 838
655 665
76 776
737 4
297 174
544 795
187 674
636 898
549 958
961 80
750 555
340 366
299 630
544 250
285 592
425 426
640 84
977 796
64 202
950 176
319 973
559 863
283 937
57 423
845 290
606 685
967 845
756 479
516 438
535 899
899 162
946 211
855 289
760 706
978 530
374 32
421 4
595 151
944 254
870 114
281 20
126 59
292 185
808 56
742 748
524 676
517 682
570 45
778 789
838 104
807 262
504 729
511 592
513 462
827 187
417 867
616 724
98 336
105 494
219 758
675 729
80 255
652 688
654 316
988 265
641 783
948 303
481 749
732 825
723 491
369 713
254 619
160 428
744 556
32 324
944 96
745 910
165 965
151 436
615 475
85 563
195 336
73 603
33 180
966 692
753 822
318 587
408 596
575 196
529 270
333 357
877 985
569 577
268 705
339 144
274 616
775 187
110 153
418 662
28 835
861 48
886 245
189 875
912 595
348 230
876 373
765 575
75 751
525 21
241 566
307 409
464 201
503 702
434 212
505 9
812 755
157 217
862 799
371 308
66 517
433 319
12 70
501 699
839 34
160 643
740 519
868 82
327 326
681 792
735 244
236 591
398 879
75 734
84 287
634 953
706 263
275 426
797 643
874 529
779 724
383 785
289 185
768 632
215 275
483 74
413 762
312 750
890 123
114 392
595 340
595 555
343 250
156 466
914 60
381 623
257 535
311 978
159 470
366 261
19 165
571 548
786 454
786 411
542 712
431 689
952 967
611 897
832 123
14 305
855 853
744 226
945 420
35 890
123 436
728 94
458 444
727 503
836 865
905 779
121 544
694 83
63 332
928 110
605 563
430 631
281 180
309 742
395 248
477 341
226 641
812 980
341 860
348 846
658 647
258 376
376 328
377 955
660 325
10 260
865 490
844 768
360 619
938 699
13 516
407 671
830 155
384 560
472 901
221 781
385 930
84 911
787 129
592 102
515 252
181 44
107 854
109 961
633 490
728 241
194 660
949 331
175 498
180 243
881 615
985 489
964 780
341 826
815 745
324 36
969 308
812 117
233 954
134 133
878 939
178 942
303 461
441 226
720 835
378 664
523 722
821 616
266 995
42 251
219 116
192 448
749 213
589 20
693 151
440 249
641 323
563 175
262 425
934 186
418 424
555 619
304 993
169 301
768 814
110 977
623 835
471 325
59 863
803 184
440 350
136 328
269 331
927 912
390 913
839 957
294 550
343 851
820 509
384 651
89 261
525 311
607 991
747 321
771 93
615 557
771 986
673 979
514 506
200 285
420 566
