812 47 30
422 258
922 232
937 356
637 229
543 312
235 189
762 861
993 399
61 668
268 61
94 872
703 511
272 815
376 450
766 946
285 671
650 538
861 549
130 371
557 871
570 846
603 713
216 571
970 785
651 504
629 48
413 868
168 778
781 622
310 682
183 340
874 598
684 706
431 462
394 442
860 791
577 100
877 84
177 413
158 800
905 747
394 531
847 663
506 246
396 855
63 873
637 785
335 921
20 374
105 139
89 859
337 449
450 522
70 918
122 635
838 585
502 563
735 383
122 588
496 919
282 153
467 216
974 243
385 773
678 518
161 972
756 167
536 431
566 167
672 579
262 820
438 538
738 494
341 519
70 836
421 145
554 972
657 851
729 709
714 925
41 809
192 926
475 620
740 83
437 491
618 219
924 400
397 18
731 428
903 73
322 906
406 994
281 670
73 371
340 242
312 456
235 892
539 660
462 461
495 375
188 827
0 349
889 156
840 844
990 671
934 709
585 732
609 805
196 938
216 872
873 757
588 401
954 687
481 211
886 745
513 624
487 723
881 613
850 441
10 872
924 340
276 360
503 216
382 594
850 590
749 830
964 933
496 137
478 600
770 246
615 443
505 453
814 839
702 886
562 726
196 370
870 578
16 823
57 750
583 648
132 172
73 514
682 857
141 636
392 965
955 918
362 211
940 834
301 665
148 344
453 334
68 746
67 956
857 67
170 429
585 397
97 949
467 482
480 959
270 566
91 716
601 782
638 988
358 782
29 143
652 390
629 315
115 621
501 45
787 880
272 835
625 6
834 644
93 118
494 27
955 945
69 376
766 854
740 363
980 530
82 190
914 467
885 161
417 918
327 503
326 516
943 654
297 332
469 665
251 175
229 781
433 166
540 226
235 224
246 168
868 318
529 347
507 506
61 528
134 106
446 584
530 268
647 585
303 204
593 279
97 74
189 92
607 459
197 785
422 434
329 386
746 704
644 856
290 729
827 763
771 135
352 168
510 908
521 20
202 469
687 687
683 864
940 734
320 344
453 595
378 26
425 62
999 550
178 573
67 150
253 186
527 300
144 725
720 2
986 337
320 472
601 633
992 115
415 457
343 165
798 836
895 552
432 854
826 81
873 854
924 678
562 979
370 234
600 597
55 155
470 738
14 895
55 919
412 885
360 621
195 620
668 634
923 124
620 556
145 378
338 554
445 235
583 753
761 529
858 285
104 635
588 678
525 653
333 11
709 628
738 45
152 704
741 826
809 106
24 337
858 956
845 203
829 706
251 673
777 481
577 693
195 353
862 809
206 145
496 12
507 114
708 944
100 595
937 981
905 858
649 378
938 118
92 901
433 926
959 979
866 504
254 817
394 444
648 557
556 847
898 401
824 242
729 232
255 579
547 444
206 417
0 589
897 27
287 688
637 8
604 356
699 491
338 791
529 40
587 969
249 942
804 197
881 868
831 565
673 702
783 205
773 560
705 639
259 31
547 800
230 377
618 183
734 13
4 793
766 879
42 788
844 201
370 585
42 891
225 437
529 361
235 371
219 620
304 424
108 30
911 292
300 788
333 720
463 414
772 410
430 536
121 904
61 529
883 838
19 220
754 10
689 163
745 695
145 27
221 565
697 761
81 696
840 86
992 606
751 114
680 523
130 482
88 415
994 874
603 757
299 970
11 657
229 210
511 136
116 227
90 213
22 413
677 275
186 918
156 655
693 716
772 766
961 396
160 20
292 254
406 882
379 23
497 168
204 316
932 948
804 469
324 978
274 995
448 217
185 992
262 55
916 699
848 114
142 9
744 316
489 317
484 185
470 316
252 865
627 437
176 388
552 104
96 832
710 886
387 780
932 352
986 149
278 894
710 999
982 581
533 464
192 145
994 87
980 756
616 128
646 523
499 956
847 425
635 393
481 48
935 929
359 340
609 421
48 191
41 751
284 808
795 310
596 508
12 652
647 166
795 261
30 710
666 957
914 905
57 10
757 992
162 170
378 750
395 235
146 129
32 763
169 386
895 570
422 891
532 47
694 578
972 216
335 132
253 414
698 369
246 131
848 938
705 51
568 685
391 394
283 27
339 64
689 676
977 949
523 75
102 854
902 923
315 11
569 809
47 36
242 853
514 59
915 85
580 936
973 162
396 666
891 343
184 322
626 436
420 244
666 139
455 647
408 233
642 911
63 419
1 156
525 800
917 865
307 493
946 436
138 434
80 508
471 50
594 685
720 115
959 947
258 106
642 359
882 353
590 621
291 821
799 754
775 806
544 930
137 174
248 479
852 357
830 682
904 127
846 700
178 326
988 190
462 84
209 366
161 895
857 816
467 531
144 979
771 846
311 962
437 968
848 881
858 822
470 223
80 972
468 927
313 218
870 854
932 237
18 304
143 817
866 642
221 298
507 419
878 451
59 885
735 172
654 167
34 861
498 723
870 594
697 645
531 372
285 283
642 195
381 610
831 170
337 769
725 405
101 951
150 322
180 335
749 689
65 177
579 962
205 478
179 805
78 828
888 644
92 711
251 303
124 30
928 962
721 385
162 75
39 114
136 90
720 123
474 673
406 472
213 643
684 991
16 596
591 79
778 635
111 428
159 934
538 227
372 314
20 86
618 68
64 758
280 324
779 455
187 396
706 966
959 24
318 836
595 863
322 962
444 278
623 155
869 121
465 11
299 365
580 934
808 780
847 13
419 390
693 589
866 1000
746 153
186 651
825 644
439 695
407 78
234 632
458 665
299 776
623 799
519 686
302 614
214 401
897 379
555 985
948 574
176 597
302 727
253 454
78 246
539 998
938 992
879 163
560 433
423 209
559 709
571 545
253 398
350 560
885 903
208 281
56 307
253 566
933 819
341 893
702 457
62 249
550 215
469 338
858 599
764 813
779 415
848 480
794 379
412 876
420 592
890 624
838 88
907 10
265 529
489 313
344 488
15 825
213 634
661 661
437 236
453 774
189 412
358 357
166 402
431 978
995 590
35 244
27 368
840 873
932 142
744 452
36 586
321 385
971 839
462 659
97 835
816 145
782 58
109 5
203 705
96 723
319 434
581 305
223 948
616 940
830 279
299 13
256 967
637 493
595 2
704 125
833 689
936 174
102 536
947 756
695 485
644 987
238 9
102 191
473 525
607 876
686 68
575 916
987 942
682 972
264 797
243 506
659 816
761 64
56 452
418 432
223 679
876 343
486 112
180 374
2 448
447 863
983 430
467 101
581 62
385 680
997 415
94 479
594 418
424 762
94 909
691 284
649 968
538 371
506 726
351 192
899 161
516 97
816 673
332 446
685 502
368 239
368 797
912 727
848 626
931 392
622 700
323 69
793 15
20 385
933 439
385 655
448 119
250 764
727 777
322 924
148 754
844 579
581 459
457 840
532 77
424 554
958 552
259 511
851 159
226 314
506 551
266 274
377 920
639 269
727 503
665 339
150 515
866 783
559 49
636 399
500 866
440 487
280 452
222 296
70 42
132 822
689 188
638 373
732 825
915 195
352 425
836 1000
619 471
485 351
206 461
761 989
914 31
987 880
553 639
194 499
199 573
791 551
203 696
437 118
199 382
517 153
170 966
150 483
881 772
336 826
887 501
203 421
840 365
287 21
891 228
556 563
624 391
538 238
973 754
901 882
103 826
904 650
587 270
355 799
294 181
843 131
40 435
879 958
973 476
615 609
434 340
