299 98 14
813 803
277 12
866 744
314 520
712 475
309 978
679 664
960 581
250 225
736 760
370 116
669 590
657 853
523 670
142 80
971 10
373 69
359 959
55 687
896 610
992 746
142 314
403 801
292 680
852 897
327 566
279 136
653 512
350 758
963 765
379 939
887 703
728 599
848 384
908 418
966 750
629 793
426 380
23 995
846 120
820 356
434 420
517 116
29 513
930 471
496 387
798 57
574 189
956 877
835 815
508 397
245 108
303 749
513 991
124 166
534 562
909 162
188 396
411 33
929 466
746 354
823 457
958 925
923 66
8 387
907 830
970 443
211 153
572 968
762 447
860 738
56 72
10 128
614 80
720 683
343 733
387 419
865 747
163 395
419 546
525 814
639 804
482 808
31 225
194 563
282 592
197 462
764 600
606 986
209 808
533 610
491 156
523 877
676 84
424 549
336 164
30 837
299 765
621 422
208 647
208 26
885 21
31 831
195 573
377 994
419 643
685 795
875 271
326 482
959 876
109 179
972 852
866 698
600 161
243 184
525 657
794 240
997 389
564 779
745 588
882 249
450 401
572 117
752 140
505 389
186 953
667 920
591 654
132 849
812 904
391 150
888 957
402 602
794 565
310 410
425 288
658 999
593 444
57 972
966 694
590 354
904 219
278 270
957 592
811 270
853 369
549 178
347 697
289 53
584 610
510 616
566 10
550 140
421 883
870 951
576 144
935 368
118 961
16 337
374 501
813 559
319 364
710 642
865 743
584 922
386 902
190 456
651 403
557 404
428 448
0 833
442 39
819 429
114 490
138 377
866 48
694 290
260 114
611 384
245 388
629 855
79 363
642 379
689 784
296 666
737 923
21 425
339 893
968 495
174 697
562 494
564 496
123 245
223 304
44 213
69 582
641 741
161 254
783 985
117 74
417 955
952 419
168 121
36 175
519 117
242 850
556 932
402 343
449 611
84 290
887 78
803 386
303 158
447 863
928 510
463 801
350 454
407 203
327 375
804 749
206 403
506 337
531 851
685 5
839 74
13 479
285 13
416 333
379 619
233 575
342 20
428 461
52 181
267 562
761 225
836 510
98 732
774 375
721 492
95 722
713 320
428 570
779 23
28 747
993 124
19 851
119 428
20 893
829 532
638 276
994 788
533 338
562 348
223 251
113 854
61 994
202 618
740 442
357 310
922 50
70 962
46 250
323 331
309 700
394 685
896 460
571 610
884 689
845 621
490 377
919 512
19 920
911 41
242 915
563 142
220 302
900 582
271 410
119 273
397 263
712 827
583 778
681 303
779 808
175 635
725 332
207 51
151 667
180 277
815 459
487 379
670 913
905 592
525 400
402 739
156 651
960 611
960 762
747 735
720 44
