818 93 89
723 340
210 436
161 528
255 811
351 559
271 359
849 393
369 138
307 443
233 696
453 448
587 508
142 998
404 873
539 239
44 397
331 868
592 799
532 193
771 668
422 606
619 23
672 501
153 954
624 136
391 282
416 444
255 681
821 78
167 389
948 26
207 11
406 803
902 607
815 264
216 145
748 908
422 539
286 588
489 640
571 123
887 884
444 64
170 980
24 100
653 236
447 180
442 612
863 407
490 650
112 712
119 779
586 682
344 433
270 535
238 179
942 487
438 537
634 471
558 404
507 363
897 283
57 533
141 578
592 215
264 550
817 631
477 735
671 323
833 367
112 644
551 630
838 137
325 503
755 750
17 32
773 178
917 467
249 10
157 190
64 39
279 452
938 265
975 465
987 755
777 942
579 323
296 660
530 636
259 5
614 208
930 671
157 931
823 177
398 897
26 689
909 386
489 866
576 563
444 136
11 912
325 709
289 626
103 122
58 418
957 446
934 3
949 624
353 430
285 666
430 848
588 6
721 625
859 979
968 556
366 526
639 919
687 9
780 376
44 109
370 142
724 657
506 218
187 136
956 275
456 368
874 136
836 842
891 482
707 78
613 504
76 993
393 981
702 317
367 36
562 480
264 921
610 632
942 523
421 971
687 10
405 802
414 883
797 65
129 684
130 37
697 383
851 95
79 726
217 479
424 61
563 469
594 487
683 950
92 397
509 294
47 588
529 900
410 912
472 500
808 668
194 539
43 628
566 219
284 132
155 374
983 730
632 328
173 292
1000 24
710 454
216 191
402 13
456 389
308 405
420 519
902 234
748 799
207 502
449 215
132 712
991 347
129 869
977 783
494 752
651 687
344 574
494 918
562 675
308 922
768 924
299 111
214 61
745 273
652 654
162 790
262 935
959 778
755 390
508 228
679 20
748 685
350 459
646 487
516 209
414 567
150 673
216 408
300 27
806 684
526 206
893 261
807 282
671 98
663 634
141 928
660 841
874 624
946 604
204 283
339 662
441 500
83 276
651 11
825 488
547 523
777 649
291 675
501 370
619 628
243 206
123 397
38 993
826 295
770 947
425 567
563 903
790 565
408 453
305 368
973 153
538 423
330 622
440 604
426 569
968 746
834 572
355 460
298 793
124 904
428 11
653 467
351 816
924 229
826 242
585 611
533 769
984 480
533 189
707 126
46 771
208 783
616 204
767 483
925 196
838 263
441 862
404 184
97 22
311 81
684 276
672 756
811 413
900 852
106 852
538 980
668 492
678 570
225 606
959 571
562 894
227 90
761 632
476 601
561 816
90 331
611 59
984 881
405 295
295 714
516 588
164 424
483 161
539 42
769 897
706 833
450 433
349 778
661 162
617 550
824 386
456 648
188 922
250 174
421 239
517 97
477 495
683 768
522 632
319 903
77 94
557 787
640 478
693 563
16 913
874 433
771 291
904 993
926 667
499 984
455 252
875 112
371 126
715 646
879 281
155 399
902 466
860 789
106 775
987 412
992 391
911 397
762 525
295 36
10 445
676 247
665 392
637 965
301 318
940 907
978 371
192 324
627 648
772 117
789 596
474 914
81 461
697 249
61 192
164 408
508 968
37 804
200 556
441 763
65 412
851 853
912 615
343 905
516 704
424 433
629 593
588 958
834 835
223 227
385 411
119 898
704 885
947 409
838 345
265 50
34 531
73 540
822 405
855 138
296 752
652 431
802 139
543 810
752 808
999 877
514 111
726 719
263 76
516 109
236 182
206 777
559 154
657 42
729 513
280 997
853 495
59 835
99 151
849 149
133 753
624 150
994 408
123 774
70 873
467 147
398 5
214 119
495 319
933 461
748 149
815 454
369 740
746 920
395 817
35 379
668 225
452 490
100 386
276 312
722 96
824 727
752 58
694 103
97 646
266 745
472 873
801 139
412 340
832 195
538 481
573 48
355 352
918 325
108 501
108 610
629 325
25 188
980 870
648 946
187 259
451 175
647 968
594 661
607 419
169 127
742 221
8 354
665 649
343 904
320 710
154 411
494 680
575 995
151 333
353 28
743 549
60 61
997 661
85 675
314 641
537 793
770 159
563 767
408 876
123 233
18 783
85 61
152 418
517 256
450 779
165 324
492 681
790 22
205 690
207 701
131 375
188 458
594 709
964 361
18 646
641 220
600 734
644 858
439 879
705 534
285 89
801 656
437 824
886 155
726 740
997 883
215 482
315 897
49 173
342 772
85 974
644 175
412 654
574 14
169 269
549 361
466 381
295 931
469 638
647 834
583 626
18 973
97 88
349 520
952 422
108 679
13 744
316 544
127 307
753 560
631 16
283 800
569 647
492 792
513 689
896 793
738 367
960 890
716 722
686 277
463 208
639 60
961 983
548 533
91 464
686 160
176 726
902 493
593 261
690 374
239 229
842 517
90 62
469 484
665 929
232 733
994 800
906 570
97 10
775 813
487 663
127 238
454 383
528 963
251 126
807 703
192 596
244 687
56 28
453 629
264 276
360 914
174 717
502 700
383 553
541 855
140 260
583 606
490 584
713 267
174 55
373 814
266 218
189 316
476 846
207 476
418 264
404 134
490 725
42 766
220 175
928 12
475 999
671 174
390 176
615 187
510 386
337 199
768 254
621 556
421 91
385 768
555 453
155 975
481 402
448 88
498 768
80 373
347 969
231 910
413 694
156 980
671 174
925 651
547 988
597 452
919 85
201 970
222 371
706 626
616 706
905 74
262 346
169 278
707 975
192 583
526 114
546 33
397 385
256 366
513 406
26 750
969 691
872 848
527 958
221 52
309 210
669 181
945 444
8 470
745 164
900 832
527 67
520 845
663 220
49 804
370 157
641 142
524 791
62 676
133 39
707 208
304 254
598 207
495 524
753 915
65 801
540 890
210 276
724 546
135 613
119 354
528 291
413 126
441 598
408 250
316 240
706 147
448 709
421 588
314 632
702 343
849 94
634 201
662 506
539 807
295 343
811 821
571 744
449 466
778 799
911 200
404 918
611 88
562 107
405 799
5 343
745 651
237 454
469 56
635 951
410 569
427 171
852 627
110 167
300 817
394 601
586 623
67 200
0 893
182 132
245 901
604 203
365 354
298 255
206 983
371 875
650 823
706 523
865 32
930 348
804 76
807 989
459 329
635 444
366 252
609 123
980 353
647 561
866 796
948 112
515 735
707 86
353 960
369 811
902 983
662 630
237 761
667 28
903 560
556 288
227 205
36 834
145 938
334 60
353 564
391 38
304 356
500 597
601 98
318 817
252 789
665 805
749 738
205 332
481 84
816 258
65 646
723 995
117 637
740 508
448 414
362 702
612 272
196 951
70 536
725 894
123 460
715 651
475 902
206 754
6 917
436 506
657 934
116 693
279 82
268 875
346 749
39 961
998 901
343 893
291 890
347 170
61 306
259 121
568 475
977 693
72 576
942 346
308 402
178 312
498 42
527 926
208 459
641 895
515 793
945 895
905 659
71 843
86 889
506 289
2 33
868 669
894 930
132 476
765 714
609 67
732 831
239 564
970 480
907 851
584 15
73 214
543 274
576 302
815 226
582 643
949 525
615 907
543 640
135 950
363 228
420 695
953 478
247 536
0 392
869 788
901 633
35 842
611 746
925 651
485 957
711 795
361 241
968 242
128 440
300 536
345 486
544 629
198 60
255 923
907 325
687 994
280 846
618 85
44 415
640 523
759 192
622 405
