180 85 80
227 726
350 754
205 782
139 959
756 173
283 167
161 969
908 788
910 847
900 13
465 451
659 238
660 462
56 5
554 98
717 868
839 23
358 734
640 261
162 901
492 853
89 687
334 402
215 858
445 56
884 733
205 403
773 138
0 649
492 956
589 264
320 166
710 209
55 279
209 896
70 366
882 940
669 684
492 963
387 603
773 486
143 987
346 543
560 541
666 45
558 176
146 780
349 439
151 396
647 755
902 485
794 640
996 832
220 308
691 559
526 836
27 342
739 236
841 605
577 470
504 913
832 260
602 802
875 675
660 463
525 546
86 336
100 378
403 240
105 30
535 6
472 21
260 153
327 926
765 971
284 344
734 616
906 156
964 568
68 757
60 527
658 790
407 659
109 19
510 165
86 368
849 199
932 518
283 124
867 728
464 532
722 211
470 361
524 769
362 441
742 778
279 538
326 736
185 678
33 677
922 245
932 866
314 883
638 113
715 95
821 858
444 576
989 522
989 26
597 456
446 553
550 511
685 167
628 467
287 760
840 606
12 438
531 432
848 202
411 241
484 992
832 694
10 937
339 656
207 156
663 732
799 547
698 328
982 926
296 427
691 706
622 997
37 193
719 805
226 142
103 722
577 377
760 410
225 772
801 148
945 381
570 262
203 353
446 311
163 853
217 334
511 327
52 37
273 851
706 831
937 440
397 764
186 951
34 386
136 97
67 350
853 319
515 278
898 353
605 350
105 733
450 907
335 431
515 413
692 780
299 118
846 284
772 64
915 501
526 361
826 640
911 320
601 912
748 471
611 319
290 448
398 682
308 107
763 203
878 689
590 719
