186 39 47
673 504
632 300
671 90
61 725
935 570
616 620
912 583
376 200
584 710
245 254
426 609
628 557
406 659
984 466
154 79
713 329
175 631
133 720
512 233
527 18
183 930
136 345
222 214
240 767
155 678
390 742
335 62
457 964
343 67
717 83
124 312
555 787
285 727
313 789
606 731
327 130
127 665
265 425
671 852
974 42
68 978
958 127
300 486
764 145
399 617
626 846
532 451
469 155
249 943
272 441
166 320
995 860
272 543
677 120
693 781
603 288
478 914
710 88
750 544
644 852
440 456
592 746
382 75
642 345
779 424
792 439
304 830
465 522
849 724
733 883
90 12
216 510
775 1
584 203
997 111
493 35
567 511
159 123
161 190
805 694
514 376
196 522
661 999
197 287
834 801
445 400
387 920
557 245
878 704
667 347
781 985
115 686
156 419
51 338
823 428
453 946
885 494
896 551
628 686
989 392
110 908
801 728
737 121
562 885
987 387
548 828
904 129
901 659
409 234
598 817
520 944
997 243
12 186
861 78
785 566
526 896
243 684
748 378
581 267
532 180
350 272
552 46
202 518
493 752
284 981
928 33
118 924
670 218
693 655
643 660
632 370
416 223
50 463
864 967
22 320
341 865
478 355
607 331
40 736
750 122
345 221
200 44
566 712
762 639
494 124
941 675
348 121
764 589
668 518
806 867
542 666
523 757
739 436
230 598
742 180
671 100
657 977
331 766
654 919
196 132
524 696
536 258
464 78
222 184
929 472
665 420
431 721
901 332
154 146
479 10
603 592
16 801
567 383
332 564
627 635
602 171
182 190
114 667
238 288
188 348
210 878
624 246
654 742
68 382
300 285
216 232
276 928
