140 97 64
15 721
440 266
296 112
580 158
668 412
95 439
543 73
701 482
735 760
379 292
612 848
922 861
718 363
664 268
227 905
983 75
565 289
733 532
329 419
146 995
603 167
535 998
572 692
50 665
389 440
676 726
71 463
424 361
329 55
386 895
168 430
559 454
259 138
108 369
972 287
973 917
872 160
707 336
644 160
925 784
677 7
575 543
859 728
711 559
636 354
863 147
379 134
215 436
182 605
748 712
263 32
283 508
323 21
391 392
355 688
150 296
913 795
768 805
508 340
671 951
56 876
349 58
764 110
21 765
893 555
226 377
285 828
491 56
803 427
364 637
283 481
910 794
705 461
995 521
340 599
416 98
908 318
458 688
754 400
668 73
58 850
694 804
477 678
21 235
41 374
833 54
980 339
169 682
416 699
777 236
298 855
808 320
403 749
894 425
475 991
792 833
994 697
318 956
789 877
282 112
758 956
234 252
407 302
460 617
554 1000
807 94
910 798
983 514
470 600
171 411
848 790
584 156
705 673
957 512
861 551
457 98
761 334
336 798
966 171
867 643
154 638
263 314
192 807
463 306
462 929
466 940
266 592
11 171
297 169
426 501
784 509
83 752
741 469
921 654
589 57
773 380
399 506
531 648
94 803
168 834
256 885
