820 63 9
835 143
919 748
124 476
708 375
202 811
827 951
680 965
83 845
143 200
854 107
755 625
712 311
982 288
860 785
155 269
562 212
594 146
184 995
904 766
7 449
688 726
627 326
762 242
2 964
964 616
464 563
131 721
264 398
209 846
541 645
401 568
318 150
824 95
999 314
255 993
754 385
401 792
709 334
391 87
915 11
29 653
223 905
299 706
979 745
939 700
183 172
246 189
553 485
167 41
473 516
683 126
282 1
299 959
759 931
433 492
473 784
923 690
448 583
379 962
935 897
664 21
297 124
278 835
415 271
132 955
455 905
84 221
462 656
605 244
322 557
109 695
206 768
606 593
641 333
688 954
313 857
635 177
971 420
696 802
890 603
53 748
361 693
555 646
664 543
566 600
964 351
35 356
131 867
177 68
411 520
186 842
913 510
405 811
621 57
862 392
806 938
531 165
936 223
848 933
398 411
135 853
776 358
471 872
69 552
588 937
893 123
916 73
865 403
458 963
883 470
717 960
171 309
873 26
732 108
478 556
993 235
175 950
761 911
178 155
836 959
67 989
277 824
323 581
235 968
864 392
78 849
562 842
118 856
414 475
117 777
243 754
226 953
662 945
731 957
262 76
190 456
809 948
435 666
763 722
309 675
753 898
710 9
313 43
242 294
77 89
238 243
213 418
581 844
602 225
351 816
841 681
619 807
466 193
837 609
861 191
57 452
679 889
219 800
101 931
822 617
617 543
272 461
532 749
561 929
481 603
823 55
726 401
272 971
214 38
609 511
64 668
689 563
261 712
13 276
280 345
727 382
409 60
406 598
455 169
241 139
34 258
786 103
994 518
369 748
110 275
34 264
464 32
242 807
583 218
510 606
243 235
963 434
697 776
444 288
571 653
96 206
20 446
245 159
978 376
854 11
215 336
320 49
796 200
839 891
537 195
987 495
63 885
52 156
699 250
862 817
784 397
407 303
527 349
58 101
886 335
258 0
670 884
207 770
781 355
722 383
741 256
849 867
687 465
574 821
240 744
61 312
834 783
256 582
808 71
475 388
502 369
691 155
617 47
835 241
843 954
774 463
29 403
589 188
276 364
110 363
380 150
577 17
485 787
632 759
927 127
281 673
542 504
303 218
728 846
289 971
655 375
909 282
643 192
573 62
193 155
330 134
914 530
359 291
930 841
668 186
852 384
653 559
453 672
67 482
133 852
840 899
309 334
534 278
710 584
670 705
661 597
513 292
136 808
95 956
738 527
835 14
22 345
437 940
987 938
388 849
717 181
368 969
633 975
58 941
13 496
75 738
371 331
156 44
196 717
693 830
696 384
498 998
146 990
801 233
644 2
535 533
388 271
175 69
221 705
541 306
708 262
643 666
612 775
259 417
191 192
467 990
311 278
928 553
998 809
197 595
564 738
20 366
652 267
190 496
114 570
967 350
303 959
192 121
713 370
696 282
658 350
368 129
631 101
908 277
442 490
562 743
700 709
208 833
532 956
90 105
320 158
716 646
754 53
552 6
166 175
725 785
140 359
25 805
975 968
629 681
623 328
797 274
836 588
58 420
852 180
242 718
308 677
906 544
759 127
441 897
600 672
802 892
462 20
804 993
778 699
73 368
476 767
877 855
41 763
439 108
832 937
863 913
951 871
406 580
838 661
62 385
388 115
421 521
604 256
59 41
513 151
502 802
336 988
273 175
898 927
962 577
172 952
780 65
85 232
616 169
486 35
930 637
470 343
455 582
505 12
404 916
294 927
550 885
171 10
53 125
892 346
385 600
505 563
724 810
193 297
363 892
238 753
355 411
116 324
480 737
937 139
115 230
490 984
907 56
708 506
681 802
877 3
193 575
528 343
663 206
369 572
159 7
348 966
873 429
554 990
507 520
522 276
404 992
605 998
657 804
338 844
272 740
318 116
918 747
767 435
136 720
177 137
350 657
523 43
388 818
397 573
710 776
709 927
480 113
149 566
457 433
884 388
656 60
91 590
998 904
182 622
946 194
29 116
415 154
845 687
775 119
670 774
867 651
162 905
494 664
550 804
318 493
760 938
700 748
43 719
844 304
294 919
237 550
194 778
187 537
55 126
793 79
195 318
220 255
254 629
882 124
125 912
2 390
723 3
222 543
947 332
239 856
421 136
696 938
972 394
261 857
518 34
862 167
401 571
417 64
949 651
586 506
357 217
504 775
467 538
282 455
385 730
935 138
406 541
422 832
477 773
461 250
967 418
595 496
467 312
828 681
826 213
845 30
903 771
348 496
165 777
43 940
456 370
512 403
454 593
888 962
807 424
836 508
673 950
574 242
832 7
951 344
715 971
375 294
708 732
10 426
657 983
747 766
332 347
630 370
880 277
681 486
208 493
23 664
724 387
228 698
692 142
111 17
817 371
424 608
975 184
643 975
620 384
512 372
456 66
249 153
177 615
104 189
168 557
574 342
21 537
225 276
938 74
200 13
540 492
92 901
110 255
464 81
827 662
595 983
171 334
135 27
179 437
275 105
354 556
78 718
136 838
856 628
418 927
665 365
329 128
915 563
64 766
741 97
24 843
865 440
968 771
217 766
541 540
639 99
594 688
708 381
815 908
577 284
869 343
175 569
812 408
261 130
549 801
902 734
783 305
830 149
397 322
879 2
669 784
619 429
978 378
46 619
560 131
309 79
511 328
303 833
343 592
962 883
10 828
43 433
107 182
75 453
540 497
782 643
541 563
481 340
461 172
71 160
712 466
890 72
982 713
57 294
100 55
645 285
43 450
714 660
280 432
988 548
668 188
145 755
709 506
65 28
883 811
21 341
978 188
278 518
858 999
194 812
195 143
928 180
161 691
849 439
227 64
839 958
402 570
200 984
822 481
294 642
873 943
517 568
990 416
923 723
311 621
90 940
745 668
383 406
509 623
684 80
873 809
461 919
490 134
631 905
351 237
907 479
283 389
259 48
497 410
809 311
557 353
633 3
161 310
41 31
514 588
160 885
944 497
16 105
442 524
666 375
986 99
692 999
59 625
987 186
140 45
810 165
139 656
230 67
197 880
155 219
882 244
0 506
775 687
348 702
762 597
881 929
908 880
839 333
183 68
921 106
154 708
757 191
553 637
978 361
977 14
736 999
783 278
220 646
885 732
932 521
981 705
422 142
68 836
896 236
290 571
128 159
135 168
989 124
727 221
77 455
95 203
361 742
817 674
764 49
994 570
675 446
390 482
538 91
106 634
83 514
759 455
361 481
465 888
757 809
875 856
164 149
530 891
857 664
399 529
934 694
771 421
955 220
489 583
910 495
372 62
488 160
46 174
869 498
506 344
38 557
432 223
994 99
857 698
433 956
235 904
27 103
591 742
821 7
73 588
476 587
684 290
604 756
694 341
855 1
839 451
724 320
359 648
945 564
781 989
331 428
773 509
231 567
724 831
390 301
193 894
877 542
303 1
558 622
772 681
929 306
515 779
280 11
45 839
911 423
437 601
734 415
493 306
194 117
541 181
151 715
962 54
640 187
560 830
48 830
152 993
877 899
230 417
326 142
456 441
148 343
841 770
972 308
305 594
126 862
82 928
649 184
395 539
330 751
782 170
559 117
735 689
477 468
97 63
90 129
226 236
173 411
84 254
860 119
769 808
783 356
17 645
170 399
998 801
281 697
312 743
544 381
605 159
686 83
769 82
582 196
208 237
351 347
50 170
769 150
463 82
515 806
769 492
