687 100 100
0 10
0 0
0 50
0 100
0 150
0 200
0 250
0 300
0 350
0 400
0 450
0 500
0 550
0 600
0 650
0 700
0 750
0 800
0 850
0 900
0 950
0 1000
30 40
30 90
30 140
30 190
30 240
30 290
30 340
30 390
30 440
30 490
30 540
30 590
30 640
30 690
30 740
30 790
30 840
30 890
30 940
30 990
60 30
60 80
60 130
60 180
60 230
60 280
60 330
60 380
60 430
60 480
60 530
60 580
60 630
60 680
60 730
60 780
60 830
60 880
60 930
60 980
90 20
90 70
90 120
90 170
90 220
90 270
90 320
90 370
90 420
90 470
90 520
90 570
90 620
90 670
90 720
90 770
90 820
90 870
90 920
90 970
120 10
120 60
120 110
120 160
120 210
120 260
120 310
120 360
120 410
120 460
120 510
120 560
120 610
120 660
120 710
120 760
120 810
120 860
120 910
120 960
150 0
150 50
150 100
150 150
150 200
150 250
150 300
150 350
150 400
150 450
150 500
150 550
150 600
150 650
150 700
150 750
150 800
150 850
150 900
150 950
150 1000
180 40
180 90
180 140
180 190
180 240
180 290
180 340
180 390
180 440
180 490
180 540
180 590
180 640
180 690
180 740
180 790
180 840
180 890
180 940
180 990
210 30
210 80
210 130
210 180
210 230
210 280
210 330
210 380
210 430
210 480
210 530
210 580
210 630
210 680
210 730
210 780
210 830
210 880
210 930
210 980
240 20
240 70
240 120
240 170
240 220
240 270
240 320
240 370
240 420
240 470
240 520
240 570
240 620
240 670
240 720
240 770
240 820
240 870
240 920
240 970
270 10
270 60
270 110
270 160
270 210
270 260
270 310
270 360
270 410
270 460
270 510
270 560
270 610
270 660
270 710
270 760
270 810
270 860
270 910
270 960
300 0
300 50
300 100
300 150
300 200
300 250
300 300
300 350
300 400
300 450
300 500
300 550
300 600
300 650
300 700
300 750
300 800
300 850
300 900
300 950
300 1000
330 40
330 90
330 140
330 190
330 240
330 290
330 340
330 390
330 440
330 490
330 540
330 590
330 640
330 690
330 740
330 790
330 840
330 890
330 940
330 990
360 30
360 80
360 130
360 180
360 230
360 280
360 330
360 380
360 430
360 480
360 530
360 580
360 630
360 680
360 730
360 780
360 830
360 880
360 930
360 980
390 20
390 70
390 120
390 170
390 220
390 270
390 320
390 370
390 420
390 470
390 520
390 570
390 620
390 670
390 720
390 770
390 820
390 870
390 920
390 970
420 10
420 60
420 110
420 160
420 210
420 260
420 310
420 360
420 410
420 460
420 510
420 560
420 610
420 660
420 710
420 760
420 810
420 860
420 910
420 960
450 0
450 50
450 100
450 150
450 200
450 250
450 300
450 350
450 400
450 450
450 500
450 550
450 600
450 650
450 700
450 750
450 800
450 850
450 900
450 950
450 1000
480 40
480 90
480 140
480 190
480 240
480 290
480 340
480 390
480 440
480 490
480 540
480 590
480 640
480 690
480 740
480 790
480 840
480 890
480 940
480 990
510 30
510 80
510 130
510 180
510 230
510 280
510 330
510 380
510 430
510 480
510 530
510 580
510 630
510 680
510 730
510 780
510 830
510 880
510 930
510 980
540 20
540 70
540 120
540 170
540 220
540 270
540 320
540 370
540 420
540 470
540 520
540 570
540 620
540 670
540 720
540 770
540 820
540 870
540 920
540 970
570 10
570 60
570 110
570 160
570 210
570 260
570 310
570 360
570 410
570 460
570 510
570 560
570 610
570 660
570 710
570 760
570 810
570 860
570 910
570 960
600 0
600 50
600 100
600 150
600 200
600 250
600 300
600 350
600 400
600 450
600 500
600 550
600 600
600 650
600 700
600 750
600 800
600 850
600 900
600 950
600 1000
630 40
630 90
630 140
630 190
630 240
630 290
630 340
630 390
630 440
630 490
630 540
630 590
630 640
630 690
630 740
630 790
630 840
630 890
630 940
630 990
660 30
660 80
660 130
660 180
660 230
660 280
660 330
660 380
660 430
660 480
660 530
660 580
660 630
660 680
660 730
660 780
660 830
660 880
660 930
660 980
690 20
690 70
690 120
690 170
690 220
690 270
690 320
690 370
690 420
690 470
690 520
690 570
690 620
690 670
690 720
690 770
690 820
690 870
690 920
690 970
720 10
720 60
720 110
720 160
720 210
720 260
720 310
720 360
720 410
720 460
720 510
720 560
720 610
720 660
720 710
720 760
720 810
720 860
720 910
720 960
750 0
750 50
750 100
750 150
750 200
750 250
750 300
750 350
750 400
750 450
750 500
750 550
750 600
750 650
750 700
750 750
750 800
750 850
750 900
750 950
750 1000
780 40
780 90
780 140
780 190
780 240
780 290
780 340
780 390
780 440
780 490
780 540
780 590
780 640
780 690
780 740
780 790
780 840
780 890
780 940
780 990
810 30
810 80
810 130
810 180
810 230
810 280
810 330
810 380
810 430
810 480
810 530
810 580
810 630
810 680
810 730
810 780
810 830
810 880
810 930
810 980
840 20
840 70
840 120
840 170
840 220
840 270
840 320
840 370
840 420
840 470
840 520
840 570
840 620
840 670
840 720
840 770
840 820
840 870
840 920
840 970
870 10
870 60
870 110
870 160
870 210
870 260
870 310
870 360
870 410
870 460
870 510
870 560
870 610
870 660
870 710
870 760
870 810
870 860
870 910
870 960
900 0
900 50
900 100
900 150
900 200
900 250
900 300
900 350
900 400
900 450
900 500
900 550
900 600
900 650
900 700
900 750
900 800
900 850
900 900
900 950
900 1000
930 40
930 90
930 140
930 190
930 240
930 290
930 340
930 390
930 440
930 490
930 540
930 590
930 640
930 690
930 740
930 790
930 840
930 890
930 940
930 990
960 30
960 80
960 130
960 180
960 230
960 280
960 330
960 380
960 430
960 480
960 530
960 580
960 630
960 680
960 730
960 780
960 830
960 880
960 930
960 980
990 20
990 70
990 120
990 170
990 220
990 270
990 320
990 370
990 420
990 470
990 520
990 570
990 620
990 670
990 720
990 770
990 820
990 870
990 920
990 970
