96 35 18
913 609
715 819
696 290
450 325
788 585
924 426
820 554
929 707
330 424
884 795
948 368
388 525
285 789
939 630
813 814
633 36
37 998
870 150
458 215
353 891
428 427
273 143
703 304
5 297
866 635
705 851
721 741
442 768
429 563
542 146
640 125
815 629
612 168
371 924
287 304
766 430
951 857
874 380
638 294
995 714
877 100
892 99
715 478
686 71
880 297
631 707
170 271
599 118
122 368
772 292
650 766
298 604
211 610
871 960
912 160
356 962
127 750
499 103
201 166
89 509
783 785
973 467
746 588
27 50
940 6
540 146
977 838
807 128
286 781
412 947
83 838
248 250
640 171
664 845
345 43
146 249
487 29
70 751
869 72
98 902
176 671
699 457
189 133
539 996
784 161
552 603
426 888
934 511
204 9
794 885
629 413
753 712
687 293
841 852
63 40
452 987
527 196
