887 47 75
33 617
816 609
302 934
348 376
435 954
849 60
915 390
803 485
544 227
943 229
849 147
616 928
743 611
419 412
418 699
655 388
744 504
896 855
520 715
880 632
6 100
778 238
146 19
764 251
272 819
305 929
989 742
199 536
932 601
556 80
427 443
228 560
761 475
111 795
633 328
303 359
65 670
617 694
7 983
533 171
663 200
945 908
561 717
217 733
275 11
681 371
31 83
325 828
760 475
703 71
771 494
346 713
400 195
73 343
75 480
785 458
259 120
288 611
13 581
279 577
692 853
171 512
207 300
717 494
465 743
121 695
803 515
521 257
615 971
305 309
326 392
884 217
330 82
48 198
349 524
828 433
539 7
138 682
155 174
906 592
906 413
699 821
957 763
4 796
551 380
858 763
423 916
408 256
221 471
359 854
866 431
322 99
719 445
479 642
147 229
111 478
535 578
893 403
859 103
421 967
296 745
137 7
941 93
772 697
347 680
384 415
354 593
199 831
781 22
629 673
558 248
56 699
449 328
726 531
549 998
400 353
834 186
797 229
293 981
286 766
198 192
896 854
95 476
604 578
560 493
575 213
269 430
178 35
583 102
518 698
987 291
675 138
287 660
68 560
343 412
331 627
302 819
676 614
955 251
897 829
745 692
710 299
74 380
56 7
793 531
861 512
987 244
80 665
638 264
410 522
808 932
648 58
351 510
70 906
153 933
637 657
742 674
809 165
213 537
474 312
802 644
610 35
490 33
309 876
65 759
677 820
263 502
555 938
983 783
479 555
6 149
623 280
10 355
826 179
120 175
848 638
776 669
444 527
385 510
704 120
955 950
189 569
438 817
141 329
332 847
725 701
58 99
910 776
230 976
545 632
58 57
701 458
428 105
211 720
939 604
619 261
535 628
837 414
291 70
554 704
512 812
564 573
113 643
492 799
336 731
94 743
532 970
480 312
920 575
3 223
742 80
302 17
75 380
494 443
637 373
253 963
301 245
508 225
110 179
301 317
693 487
331 612
9 902
662 274
897 325
818 46
588 653
772 223
595 819
382 907
743 307
353 30
252 532
126 668
255 468
875 85
425 423
905 34
914 103
41 555
831 655
5 574
539 76
352 866
679 861
1000 792
591 587
941 847
693 996
671 280
58 225
372 860
949 169
41 329
110 143
591 708
167 452
766 233
442 803
250 601
980 241
44 525
407 349
742 212
469 25
193 217
203 246
908 164
678 143
240 89
641 659
631 318
125 621
841 139
212 195
877 927
15 923
872 440
584 953
411 629
346 549
335 427
157 515
317 903
86 421
300 65
800 669
284 796
911 25
596 51
857 627
83 964
543 992
902 427
344 589
236 18
651 560
967 751
438 814
797 664
999 628
833 722
798 7
256 18
551 413
860 391
531 536
799 478
944 701
749 838
354 661
513 494
575 729
881 524
271 782
297 632
322 103
442 338
32 948
968 434
994 867
67 685
388 399
72 129
460 947
67 598
393 296
856 151
880 881
371 430
339 375
906 833
438 247
290 970
724 205
166 598
885 457
820 373
429 362
851 301
238 538
741 30
878 900
556 198
551 845
420 502
797 106
479 920
429 799
128 289
929 993
642 964
580 668
714 288
439 863
179 321
612 352
959 957
179 958
980 402
814 659
373 48
977 758
96 283
590 181
796 156
231 800
881 237
433 108
42 116
449 822
364 215
466 196
174 91
911 360
714 340
879 840
87 753
510 486
586 569
559 859
163 106
933 186
279 958
606 592
288 925
578 493
911 40
42 300
337 94
707 982
745 249
666 560
446 810
5 772
307 211
160 404
684 828
17 80
499 106
193 383
520 445
53 108
412 505
222 169
127 542
258 495
934 66
177 763
394 222
107 496
435 966
116 628
949 262
643 18
701 591
448 891
662 512
90 311
355 209
216 378
325 795
401 514
385 64
5 884
715 666
304 521
437 122
723 446
933 758
123 931
696 687
401 973
173 16
670 483
839 326
812 389
710 786
580 933
309 307
619 622
88 513
124 987
891 743
468 233
728 751
260 862
237 495
287 489
781 636
423 720
258 876
69 701
557 559
891 473
421 438
36 727
779 958
719 752
735 427
616 327
100 701
562 386
933 737
713 330
902 533
564 797
231 596
195 766
708 357
910 134
261 886
585 493
910 899
986 959
245 628
623 150
811 6
309 115
290 656
556 229
343 836
183 443
941 552
759 728
286 891
777 265
354 307
732 620
129 924
445 635
488 603
863 670
861 943
757 923
3 571
410 372
724 560
700 670
872 893
557 324
222 253
171 811
222 183
88 24
688 236
771 846
247 627
323 821
424 560
9 969
348 342
334 274
892 229
763 524
496 88
573 264
565 12
252 302
778 887
278 833
724 529
701 815
314 756
588 132
57 125
790 874
860 501
428 913
858 531
992 366
399 815
705 443
876 113
680 837
726 886
492 625
617 771
944 166
139 123
388 321
276 997
340 669
663 552
179 492
470 520
260 830
936 809
355 855
328 271
206 831
137 415
183 217
497 906
261 337
22 678
387 615
950 665
348 689
620 68
31 922
479 837
600 981
308 660
63 711
803 888
740 631
805 683
718 97
261 662
444 96
825 354
185 825
901 708
369 161
388 551
171 603
792 556
110 820
460 610
280 968
349 65
676 80
266 922
670 836
702 725
619 739
255 578
777 117
80 780
638 292
934 363
425 822
619 270
441 941
779 912
786 862
176 611
689 801
762 68
309 617
186 492
226 555
843 833
187 948
158 692
535 690
215 625
693 747
107 934
163 675
478 915
748 335
500 218
861 922
975 310
817 569
488 388
945 95
503 415
681 44
762 418
385 72
684 554
73 391
679 829
772 940
357 363
336 163
718 306
325 196
585 490
896 713
930 566
108 304
868 88
429 315
109 161
121 460
176 735
511 671
45 678
398 1
408 495
295 447
435 708
972 2
590 421
730 154
334 952
409 992
656 598
746 689
974 182
931 190
788 84
527 926
23 817
834 145
79 321
216 848
225 829
975 83
95 503
61 238
900 951
990 301
479 404
458 241
702 238
70 115
54 18
926 238
458 394
970 430
870 682
992 219
562 303
683 971
333 913
880 862
514 110
344 0
7 980
230 637
846 476
683 767
650 57
932 424
496 129
732 460
636 892
934 69
901 960
184 566
128 535
983 956
187 319
311 10
942 270
635 255
8 526
68 669
762 296
100 86
793 741
300 908
36 206
913 141
713 138
837 629
110 376
844 670
975 689
342 266
3 119
498 648
430 147
558 744
594 733
501 628
602 875
837 115
166 926
375 715
295 239
1 984
621 400
58 986
457 195
8 992
677 581
563 72
724 446
722 239
785 541
6 449
687 487
383 155
764 277
162 907
755 67
215 448
742 80
740 914
512 185
848 974
108 465
759 389
207 919
575 217
387 663
117 269
480 642
141 649
76 785
639 423
701 109
597 160
281 367
202 652
130 498
978 240
601 431
136 14
267 57
955 327
483 434
677 352
54 777
198 618
588 30
134 324
753 265
330 538
905 686
49 193
17 993
332 439
96 620
866 351
817 927
424 17
156 265
86 209
993 231
853 65
17 710
404 132
421 272
177 100
261 639
999 758
756 103
564 307
387 437
566 33
612 805
932 15
680 799
125 489
72 370
599 411
315 161
536 200
314 515
552 299
156 519
176 488
482 334
841 492
441 109
708 169
318 32
167 180
608 669
357 821
918 303
794 750
474 466
460 761
623 272
35 937
204 117
272 259
147 12
647 418
58 374
952 858
617 924
451 452
104 138
275 82
574 382
908 476
427 206
744 361
635 514
391 905
297 282
731 679
245 872
615 792
400 141
978 464
882 169
682 790
267 69
106 748
918 825
184 331
241 28
943 434
186 958
124 955
884 624
418 982
666 207
799 43
296 15
956 337
453 276
199 502
388 159
623 79
95 148
952 939
685 203
402 150
545 178
9 141
49 749
990 328
517 791
38 504
594 349
997 582
692 917
488 501
328 708
650 516
287 672
542 520
877 153
764 204
638 783
950 145
898 691
