775 94 35
593 483
185 887
635 405
446 834
118 663
912 401
536 496
355 648
501 413
750 824
536 344
147 531
31 85
428 647
89 638
118 357
290 290
165 580
642 101
145 649
195 642
557 183
134 63
997 215
877 538
585 534
286 369
627 13
120 835
957 213
932 407
89 614
961 199
29 809
909 11
282 477
155 594
933 288
734 383
996 828
930 57
743 66
838 265
920 91
578 857
102 724
755 742
678 790
710 930
154 336
323 205
627 964
794 746
284 764
756 691
985 979
976 662
634 909
263 697
247 798
112 320
182 555
775 91
649 737
460 869
488 388
827 335
759 988
252 742
350 961
926 107
934 466
420 319
555 95
888 380
443 354
678 987
606 184
560 938
350 109
15 339
94 268
946 118
742 449
767 589
694 459
389 98
171 281
923 299
822 146
11 354
435 189
427 933
812 248
826 338
190 916
744 738
15 534
281 475
654 516
718 776
10 628
572 114
337 296
994 894
235 382
772 784
690 654
70 17
447 150
727 98
847 729
237 113
577 126
710 273
436 682
448 563
197 431
814 387
901 570
317 86
594 846
575 52
799 226
227 161
592 959
832 353
232 158
654 675
896 757
506 84
182 493
71 341
243 833
106 757
877 585
365 290
3 913
215 221
534 441
884 718
938 810
188 179
169 592
80 138
206 244
598 316
378 342
282 528
484 72
879 559
945 747
285 824
669 940
288 177
554 205
544 729
795 683
547 113
940 737
212 546
458 350
841 577
328 229
952 267
1 755
913 661
938 1
959 147
690 118
126 650
215 879
276 935
285 576
311 774
881 452
820 812
397 682
566 280
516 914
224 259
494 146
526 285
100 448
203 308
344 309
54 163
102 60
103 209
700 579
851 553
344 858
536 810
597 664
495 828
758 943
999 392
885 458
151 466
155 671
257 833
603 862
664 704
433 806
824 396
83 527
414 955
413 564
353 285
567 442
318 260
489 340
850 672
101 582
788 375
344 491
301 703
680 493
650 554
273 448
980 757
768 531
829 630
107 439
371 453
541 883
662 655
236 335
237 823
236 33
831 670
563 744
713 629
561 771
327 50
483 152
866 70
219 79
143 110
533 289
159 342
594 331
847 416
96 179
951 824
645 369
972 824
643 858
134 856
643 605
757 461
911 87
766 207
586 868
199 140
183 49
710 597
367 270
710 964
237 647
363 626
195 253
1 143
716 881
807 455
804 430
630 996
458 199
273 882
63 452
881 592
535 174
370 550
407 272
183 967
262 53
818 489
492 922
929 728
458 361
790 249
798 673
370 823
217 934
347 951
656 763
648 455
836 722
108 374
936 351
915 25
35 363
830 825
421 487
98 93
477 377
385 9
114 526
450 127
203 684
421 608
76 874
94 950
99 563
915 904
851 814
899 827
410 642
203 405
901 970
86 858
810 411
319 242
311 411
819 905
276 494
3 712
729 971
860 723
839 99
964 192
302 903
139 308
846 637
84 786
573 372
599 425
454 813
737 940
866 573
497 811
71 808
88 246
849 717
41 450
639 494
978 653
818 582
993 361
722 850
89 672
317 458
202 299
690 372
101 102
154 593
183 238
384 912
982 377
845 108
418 311
157 150
381 17
750 529
857 787
282 30
113 124
629 591
514 915
998 176
85 519
95 824
419 536
379 508
137 138
192 948
432 484
62 255
626 216
477 112
512 530
92 455
83 977
331 963
507 717
169 327
99 507
942 125
911 935
417 505
532 82
212 198
125 94
515 652
312 632
12 264
824 874
12 566
479 724
927 985
806 891
623 249
205 368
767 306
526 326
726 258
308 310
254 305
700 34
407 111
166 68
297 648
783 214
742 897
39 264
252 628
144 559
593 28
937 535
678 587
344 841
156 854
194 935
730 286
74 846
758 291
608 800
509 223
78 641
775 75
805 79
985 435
861 600
741 299
627 236
741 887
16 793
478 807
869 921
914 419
151 902
399 400
485 443
399 98
200 914
670 838
524 561
116 648
969 671
232 871
652 678
411 880
665 541
731 304
196 80
361 850
985 786
467 331
709 210
751 273
192 605
798 794
461 350
565 408
609 568
10 68
822 805
263 701
518 928
30 854
334 965
978 679
577 708
470 341
214 622
88 683
463 14
458 372
102 169
708 59
919 630
170 787
36 59
8 113
28 733
676 185
450 18
276 121
845 52
621 388
728 52
13 411
119 753
843 560
290 940
712 27
613 181
431 510
939 689
881 31
324 307
968 908
392 554
719 323
200 922
802 672
772 804
827 644
826 621
569 964
205 659
854 1000
873 654
656 856
367 765
647 663
793 935
211 214
708 396
608 700
547 647
202 794
556 733
860 210
616 920
909 159
22 406
717 456
48 614
222 327
353 943
111 950
323 791
91 200
880 758
791 532
648 703
473 3
988 118
562 79
820 606
311 730
10 98
776 456
63 476
618 734
616 695
945 179
897 456
54 642
51 859
90 750
503 545
710 462
901 937
669 251
655 854
197 472
593 526
210 648
741 272
556 18
351 494
563 839
71 397
297 287
663 751
484 737
857 13
791 199
959 789
16 120
167 140
325 325
361 837
579 75
431 867
532 598
364 957
356 100
251 938
606 357
786 422
309 520
574 113
499 647
182 331
463 857
7 715
164 432
241 567
737 164
17 760
46 141
784 696
52 758
265 506
300 389
502 323
235 735
609 559
705 802
770 982
647 48
890 771
460 112
776 430
43 122
530 433
513 832
434 43
589 444
1000 208
641 729
561 386
465 921
288 60
413 864
907 922
201 994
208 282
339 119
766 275
512 8
564 317
803 638
105 628
165 97
942 154
576 356
925 857
116 144
205 192
81 513
99 349
43 486
801 723
907 699
442 88
440 885
754 157
359 837
590 147
524 400
165 84
320 790
722 620
599 92
846 467
156 778
994 547
393 649
544 703
980 373
593 948
254 476
195 929
151 556
291 788
579 832
619 985
445 160
447 119
621 817
349 485
25 596
757 684
772 355
808 393
701 80
459 421
78 581
918 169
926 426
140 747
321 182
314 76
226 544
415 421
565 844
184 508
847 743
539 999
442 357
905 321
938 733
826 32
708 723
223 610
941 867
21 273
490 977
573 218
958 282
172 969
179 702
826 104
53 589
218 909
695 853
509 79
539 456
887 601
692 196
830 548
187 361
285 645
375 724
373 568
154 540
62 110
204 162
875 683
523 890
194 344
599 604
392 220
608 802
872 827
694 628
502 387
259 961
98 894
86 167
230 551
401 653
717 367
732 36
332 789
433 509
433 52
523 130
706 251
449 765
509 890
491 331
137 80
856 359
729 432
231 730
676 153
326 807
534 792
856 969
573 431
545 455
342 907
658 361
681 973
372 564
431 662
471 315
685 638
228 231
809 431
555 375
317 680
330 285
244 74
598 665
20 676
381 428
274 622
822 960
337 204
40 643
13 610
20 215
717 565
406 255
517 862
165 399
475 462
468 743
932 192
497 40
529 763
1000 490
197 943
0 666
827 82
937 361
797 781
933 806
789 82
231 251
