429 24 71
439 729
289 650
956 927
409 106
838 341
204 794
185 890
878 738
429 110
75 430
546 630
341 377
672 386
933 188
233 391
831 271
174 0
695 759
915 460
728 313
356 754
178 83
501 280
210 341
788 647
250 339
943 203
904 397
966 360
606 227
395 446
757 717
721 126
358 562
812 510
49 827
968 880
595 742
59 829
140 859
667 897
658 109
192 522
871 372
218 337
900 997
131 513
796 504
257 461
409 495
730 746
969 879
626 707
432 674
793 927
250 363
535 492
921 525
776 977
733 232
481 155
620 437
882 577
422 679
767 888
684 805
559 522
338 340
344 728
414 868
30 492
102 910
657 7
936 354
992 714
377 379
324 918
800 335
227 373
338 122
866 760
968 990
751 246
915 158
738 612
116 956
262 696
16 834
70 836
896 40
532 322
495 439
870 870
862 558
981 757
266 232
47 564
275 62
422 100
737 10
13 368
739 748
257 956
28 772
146 462
99 941
817 459
835 774
960 459
920 211
843 781
10 785
167 95
958 781
573 111
69 917
65 326
475 412
640 275
414 980
387 217
159 100
978 244
848 627
881 54
78 485
1 131
682 872
295 631
171 684
103 630
747 786
568 160
143 652
475 642
875 652
69 614
376 110
895 589
252 177
135 483
394 802
787 370
192 614
682 906
58 187
935 546
56 127
74 671
658 193
651 450
512 881
311 113
711 848
80 477
57 668
601 708
456 199
953 17
373 950
553 817
77 852
284 680
284 589
274 515
534 395
982 161
664 887
755 52
109 186
950 398
774 383
862 159
968 499
756 89
465 233
445 570
494 897
409 68
991 350
28 208
314 533
291 717
541 670
102 943
521 743
748 945
39 543
239 289
402 457
823 160
44 385
23 530
872 536
235 801
370 444
713 631
2 61
204 842
410 246
26 74
674 857
839 537
314 960
175 146
66 222
571 982
356 42
682 370
487 583
375 700
315 323
337 61
21 37
955 759
394 543
844 883
561 311
838 769
836 438
297 222
88 878
390 111
75 276
776 862
949 578
507 8
246 966
28 860
561 382
784 505
656 314
540 573
174 605
85 146
243 854
369 14
303 492
604 363
898 298
450 890
165 111
587 528
942 931
474 611
194 715
412 28
270 917
204 446
473 381
196 543
833 764
343 2
365 993
408 545
390 326
792 48
429 875
297 41
695 323
502 234
767 971
793 208
418 936
264 835
546 56
511 713
724 685
13 19
600 458
191 648
847 404
63 825
718 950
812 430
37 104
184 651
925 892
912 454
867 29
884 741
106 249
280 211
998 28
218 162
291 434
765 70
834 916
743 326
996 620
347 611
665 712
452 655
57 307
317 305
541 562
580 752
858 576
1000 904
931 186
136 626
703 730
590 388
180 782
146 83
153 254
351 33
985 68
963 62
509 529
745 144
560 421
244 115
595 47
467 409
1000 5
678 317
139 525
832 723
416 188
914 431
37 532
51 730
684 951
520 867
596 641
5 408
350 916
826 320
818 954
177 5
382 596
308 433
909 890
676 42
191 2
442 707
953 870
295 410
646 745
77 188
158 568
492 536
522 9
951 317
423 823
853 96
530 337
262 745
870 86
337 487
28 462
533 209
594 686
152 874
708 51
820 640
203 574
312 935
572 251
388 163
350 852
189 474
890 755
692 816
398 482
935 417
441 502
359 294
233 756
63 313
109 413
695 338
944 110
729 335
416 457
75 902
314 33
69 365
752 838
162 717
378 254
613 68
970 992
908 760
489 99
328 157
205 997
673 816
86 252
994 162
467 973
694 871
821 818
415 171
210 508
477 550
457 74
932 991
102 721
466 240
194 704
284 411
525 215
717 142
903 541
846 305
928 619
294 507
905 797
761 568
828 681
537 759
428 3
587 856
869 194
287 160
9 129
866 734
648 969
739 621
149 525
170 393
35 995
995 499
975 804
364 984
357 460
963 799
673 47
