597 65 48
39 858
486 410
836 833
463 980
158 233
450 327
399 657
573 331
110 912
797 233
215 627
343 205
257 882
538 528
235 947
803 759
274 566
572 716
598 158
276 241
843 713
64 189
758 362
605 866
145 197
981 365
866 282
74 89
86 606
667 674
341 293
32 34
477 311
378 125
902 978
33 702
82 325
896 428
696 394
759 38
437 707
803 498
360 911
935 44
299 644
678 448
744 340
424 729
386 901
299 141
127 907
367 457
509 827
75 578
310 72
471 328
164 144
970 875
829 687
301 779
559 422
898 891
852 367
342 241
304 696
683 416
759 258
286 755
202 273
620 43
214 61
254 236
507 840
693 557
488 987
954 764
973 641
189 105
232 51
89 64
336 365
33 766
505 995
379 756
578 296
427 261
87 907
245 845
436 441
351 433
425 677
469 326
158 854
586 304
153 871
358 819
132 951
333 896
133 71
442 244
660 772
716 611
13 302
120 768
662 329
272 488
468 816
939 901
213 392
809 803
26 349
262 244
443 151
400 601
664 719
826 755
434 949
912 317
273 941
124 395
132 926
813 885
896 589
759 56
370 875
181 420
799 751
482 925
511 241
395 329
826 185
280 541
963 588
322 467
609 38
959 430
591 72
731 411
52 791
523 675
557 470
802 836
983 515
787 279
149 818
858 884
889 527
243 373
761 443
531 671
418 220
11 711
643 827
836 679
269 16
307 651
124 413
538 657
767 892
12 587
653 168
758 413
435 568
108 738
154 441
627 314
726 412
37 7
279 886
134 967
254 939
541 912
824 824
455 141
102 171
229 589
826 795
456 835
793 467
213 163
944 550
142 773
213 148
596 980
526 982
938 441
462 210
161 347
722 273
368 150
531 698
303 44
918 87
864 492
982 508
44 875
679 816
503 41
212 652
430 715
499 563
835 160
301 354
337 44
254 330
835 988
41 428
322 362
25 747
273 682
627 706
45 417
500 991
384 792
907 339
803 815
509 21
560 62
362 979
402 870
427 837
985 56
441 101
390 284
200 80
365 875
218 166
685 419
812 237
251 185
277 160
342 924
949 508
263 87
935 636
995 677
467 647
706 688
101 343
541 948
676 270
880 935
450 885
614 51
205 227
879 538
112 741
309 289
877 80
434 320
873 972
109 494
278 94
470 976
376 994
749 770
641 588
228 167
427 375
536 446
329 662
897 466
699 171
36 306
772 519
409 800
378 171
325 908
474 586
429 560
90 310
500 115
957 67
647 815
915 143
912 16
720 208
397 50
33 847
487 223
34 556
310 654
66 392
198 833
703 713
262 428
687 500
102 230
636 651
877 241
507 5
52 467
525 353
596 126
39 499
266 164
668 399
97 172
283 572
679 691
248 565
727 20
677 113
279 466
989 915
844 887
267 428
427 551
624 311
271 693
967 988
272 366
881 314
272 748
541 464
619 986
657 886
621 140
836 769
349 12
17 603
247 606
813 974
910 676
219 300
185 684
20 69
501 590
746 247
724 572
202 548
624 935
680 874
122 279
313 490
741 87
736 226
319 462
586 212
702 999
728 629
46 164
703 701
691 377
326 283
43 662
432 600
3 962
485 87
803 592
891 860
245 443
487 798
191 330
3 490
26 221
819 606
804 888
604 844
833 921
176 420
939 928
137 232
298 731
692 539
689 151
301 400
608 798
268 638
56 786
596 830
19 347
181 535
970 228
597 111
533 869
609 347
475 320
197 830
175 841
852 670
798 487
308 725
416 405
943 349
743 763
295 762
523 989
127 431
552 327
604 398
235 818
928 72
614 261
340 467
820 907
93 85
453 252
179 241
580 994
115 241
426 968
691 955
460 954
360 709
292 440
430 184
146 778
250 246
262 508
430 645
790 1
904 134
202 41
299 303
288 937
430 106
288 693
858 293
422 44
471 788
460 818
88 260
969 474
217 567
590 844
195 39
137 876
957 441
855 534
862 947
159 95
951 866
571 499
417 84
708 951
501 532
2 74
699 424
295 889
209 675
327 927
802 454
177 702
305 528
518 316
432 106
260 136
719 412
892 201
392 477
961 37
216 886
539 920
89 91
314 872
118 847
544 644
384 12
100 395
272 536
672 180
533 222
296 75
966 823
356 126
741 692
995 984
70 725
174 970
117 123
168 569
154 714
231 1
883 583
347 824
416 852
551 656
746 289
776 273
754 525
398 229
414 901
22 207
550 503
814 460
438 614
312 995
700 889
984 864
582 100
915 480
442 217
730 342
588 788
4 841
198 911
741 243
447 120
601 902
862 46
893 30
403 994
544 660
321 335
116 402
508 530
862 388
211 172
301 372
631 198
219 466
88 396
901 1
2 304
461 0
10 200
142 873
245 453
218 980
229 496
443 827
103 519
324 916
530 855
121 149
268 980
811 528
166 456
203 1
349 347
185 982
170 707
208 932
688 572
427 943
878 178
210 792
611 444
222 231
716 992
833 365
853 78
236 683
95 591
813 579
22 253
151 33
115 284
699 290
1000 851
577 758
222 898
126 368
434 810
385 796
243 115
61 449
799 159
429 360
783 195
140 812
495 298
109 223
610 622
787 13
470 454
508 398
852 741
350 626
965 244
25 283
668 654
928 626
570 39
201 791
289 933
639 943
430 382
960 928
232 570
474 584
319 967
402 860
177 281
868 365
438 487
620 660
178 177
392 271
902 800
983 600
625 893
858 67
237 38
28 352
389 29
217 118
