379 65 82
851 168
29 326
297 589
667 866
600 465
79 892
801 917
871 436
493 381
869 344
322 913
695 458
573 36
468 370
336 525
986 908
9 331
31 525
575 809
554 448
23 644
594 548
235 392
971 959
375 62
53 894
150 623
400 628
72 176
857 377
465 614
562 850
129 837
166 856
501 979
691 735
582 413
201 1
323 125
237 500
565 7
117 43
38 46
252 746
772 578
209 563
221 555
127 230
816 698
604 829
468 682
886 841
741 959
504 248
513 914
347 532
578 188
627 348
506 774
347 671
757 383
127 42
939 133
932 802
224 864
972 142
579 310
765 108
449 253
253 768
778 365
482 417
274 75
841 123
298 297
688 609
158 125
925 561
766 968
26 767
680 771
506 611
926 839
63 834
44 327
617 794
323 26
640 813
452 501
640 155
398 387
24 187
912 687
905 507
636 762
712 685
173 373
835 632
134 291
118 417
510 728
394 124
676 462
753 157
479 925
450 875
778 224
42 610
342 631
162 156
674 501
487 661
266 200
37 314
538 643
250 127
917 980
751 651
508 933
279 201
876 317
476 906
301 44
610 367
131 431
342 437
685 410
614 416
406 52
786 809
752 855
704 491
317 772
166 906
711 129
152 659
527 750
660 61
241 545
125 87
40 679
704 879
413 769
73 505
857 237
269 221
126 762
211 570
347 138
843 11
317 178
568 383
925 242
567 280
465 867
383 186
887 983
645 238
611 929
808 976
750 769
836 195
845 610
11 617
815 68
577 937
941 101
229 428
429 793
472 84
935 236
721 787
532 711
841 281
703 280
490 47
975 884
53 428
408 370
774 102
666 780
711 468
488 599
906 855
822 481
987 342
415 262
895 884
248 133
550 743
128 332
920 265
387 716
482 745
624 833
497 966
879 542
786 349
148 693
777 405
482 380
442 100
331 702
282 507
25 420
286 41
450 618
24 733
448 952
826 629
71 134
178 70
987 14
232 443
373 848
428 24
717 196
343 524
853 457
845 610
615 275
55 609
928 369
619 386
385 328
604 580
150 558
250 317
941 687
201 410
954 363
114 673
871 947
10 802
740 734
907 298
601 559
676 213
326 657
112 936
228 802
672 282
250 22
458 404
310 633
688 258
474 272
534 432
477 510
598 567
699 80
71 951
344 86
285 381
839 751
727 117
556 963
723 620
835 382
228 977
0 977
134 192
74 390
353 313
92 227
394 862
725 251
859 318
899 670
445 506
358 469
392 457
129 925
246 203
720 760
98 788
829 514
48 326
749 720
984 551
60 86
279 140
413 532
218 391
682 704
740 478
960 440
276 936
689 225
245 106
924 512
948 659
98 838
397 672
398 482
856 547
471 164
652 342
38 74
98 554
507 521
761 713
758 829
527 700
921 523
244 892
285 966
36 830
351 39
507 256
656 201
249 523
425 597
999 343
104 49
675 932
834 214
179 970
270 365
715 220
179 376
418 35
493 761
677 632
109 461
23 360
275 853
362 392
562 85
258 794
137 204
568 111
752 577
252 886
36 769
107 714
126 583
867 741
960 856
181 244
82 127
563 504
319 161
214 177
734 881
995 770
275 710
517 742
139 21
976 892
571 376
634 72
216 946
724 755
873 180
612 844
562 499
747 403
393 716
342 602
524 966
999 599
888 797
744 492
135 25
494 316
998 385
122 58
416 747
916 343
167 562
42 582
957 140
250 24
656 237
19 794
480 933
691 843
785 607
229 148
