246 50 60
517 448
421 381
91 867
392 212
907 351
911 375
124 123
715 200
705 361
516 387
731 739
124 285
348 879
95 879
175 187
204 504
979 785
122 512
274 681
875 332
315 344
305 801
431 437
456 819
311 181
93 616
631 370
380 618
561 98
18 154
431 636
783 580
376 998
687 397
811 264
497 518
6 445
198 773
285 242
939 629
641 493
946 277
548 752
657 183
872 447
329 203
832 811
394 766
583 857
701 507
914 105
924 598
485 903
603 366
523 598
910 1000
690 806
140 358
136 862
243 523
2 852
522 448
206 140
582 100
261 507
520 171
820 950
539 309
161 694
682 164
245 134
761 961
856 716
52 829
972 761
679 782
334 75
182 419
461 727
345 415
277 922
995 376
997 127
991 595
6 391
963 297
357 493
971 407
758 675
865 645
911 59
152 900
52 883
439 365
407 550
57 903
475 644
53 311
165 875
838 244
400 697
971 911
599 675
713 479
901 630
396 188
680 400
889 370
153 332
86 96
525 920
776 866
813 102
807 25
125 361
13 60
329 307
810 423
778 766
438 387
66 938
777 973
174 681
628 210
935 909
989 964
594 4
173 649
532 70
366 946
273 478
291 373
363 47
13 852
107 459
216 679
783 261
216 313
116 164
407 678
512 471
524 901
893 573
52 717
146 763
379 638
233 5
98 34
215 96
999 949
164 125
191 947
740 27
661 571
230 104
460 714
63 982
333 826
477 386
822 380
935 260
346 847
832 272
209 359
558 709
285 20
201 709
352 711
506 563
270 659
609 999
193 958
768 356
981 269
833 308
788 674
295 845
992 812
136 656
278 783
313 891
291 552
366 152
681 979
600 380
450 908
63 62
869 879
152 218
924 369
842 713
244 758
289 982
59 813
452 746
686 239
776 907
970 506
17 334
0 919
208 889
491 126
614 500
656 487
421 63
944 113
67 459
739 721
325 444
462 466
469 657
460 630
575 935
942 261
769 836
302 871
859 627
610 383
449 176
124 21
52 504
653 439
681 470
200 810
768 412
824 637
587 322
29 974
445 379
896 937
184 435
795 614
162 80
884 201
147 121
294 405
807 19
293 633
114 994
233 945
896 475
198 812
529 107
809 199
730 668
358 538
735 746
