322 34 70
504 404
753 152
833 729
424 728
437 717
226 497
659 335
803 177
341 622
178 944
299 576
331 642
629 705
397 261
204 450
378 289
263 970
896 569
810 453
353 856
141 532
752 356
89 969
953 88
857 717
570 934
816 563
17 922
940 417
141 952
303 640
214 19
464 610
486 370
404 26
975 962
819 652
562 491
975 212
544 186
854 371
894 353
188 78
568 662
567 832
317 110
610 269
940 499
126 887
290 137
966 811
272 428
874 47
728 415
398 190
687 973
32 10
776 440
861 381
389 534
911 91
502 210
92 575
243 820
397 563
479 917
273 783
642 141
847 696
852 176
612 257
235 132
94 484
12 22
387 561
734 670
338 86
517 69
786 44
332 416
970 453
315 339
715 664
886 278
992 705
692 598
984 107
751 242
187 843
708 83
617 724
622 754
887 178
410 733
293 688
173 300
595 82
974 443
8 830
488 625
985 392
181 131
757 169
631 128
372 695
916 868
285 269
387 581
921 881
621 574
302 822
98 763
352 949
771 76
145 240
574 494
698 540
908 878
255 513
54 363
372 581
890 775
645 184
84 562
698 403
618 23
337 687
982 290
979 355
202 459
485 358
661 771
49 369
504 969
383 275
139 899
69 343
381 591
550 719
40 368
395 68
12 117
578 926
880 295
533 215
205 397
572 546
8 595
178 731
466 384
616 816
20 632
872 199
172 172
66 992
658 677
654 283
274 316
293 653
178 409
80 716
728 505
120 197
843 84
562 647
585 313
785 532
915 939
551 247
578 12
322 626
838 176
119 154
152 677
721 489
122 165
210 937
5 510
211 773
176 140
830 605
18 834
878 88
982 271
638 248
71 64
920 400
747 383
385 305
646 226
427 25
154 454
623 594
683 486
327 191
534 134
15 846
826 543
137 191
521 177
694 761
42 552
640 29
287 756
465 400
801 221
454 235
692 718
882 57
686 256
629 984
545 136
617 60
610 143
415 585
208 784
798 938
3 814
389 819
709 688
147 415
52 602
203 379
835 236
665 76
888 388
278 119
698 740
55 206
69 300
761 385
5 645
39 970
781 122
774 481
276 665
88 142
522 401
713 41
551 524
456 672
270 72
789 224
857 789
61 421
347 286
870 508
208 449
976 27
924 642
719 343
858 321
228 218
860 984
741 802
539 36
446 699
31 47
706 294
45 663
204 400
174 96
737 429
165 261
289 814
164 562
72 604
207 904
226 722
582 907
45 867
556 434
744 191
937 561
737 415
207 870
645 549
979 503
925 911
462 436
173 618
884 248
155 790
57 921
802 990
578 984
173 984
909 304
417 378
391 654
107 181
698 476
790 675
102 919
189 72
465 689
349 231
710 429
789 969
258 865
709 444
814 944
98 714
108 437
280 852
394 106
760 505
364 796
542 322
856 612
470 37
124 892
567 976
263 695
157 928
594 742
651 294
774 407
659 524
946 77
761 458
406 708
229 742
