33
3 3 5
0 0
10 0
40 40
40 90
2 5 4
20 0
9 0
9 50
441 100 100
0 10
0 0
0 50
0 100
0 150
0 200
0 250
0 300
0 350
0 400
0 450
0 500
0 550
0 600
0 650
0 700
0 750
0 800
0 850
0 900
0 950
0 999
50 0
50 50
50 100
50 150
50 200
50 250
50 300
50 350
50 400
50 450
50 500
50 550
50 600
50 650
50 700
50 750
50 800
50 850
50 900
50 950
50 999
100 0
100 50
100 100
100 150
100 200
100 250
100 300
100 350
100 400
100 450
100 500
100 550
100 600
100 650
100 700
100 750
100 800
100 850
100 900
100 950
100 999
150 0
150 50
150 100
150 150
150 200
150 250
150 300
150 350
150 400
150 450
150 500
150 550
150 600
150 650
150 700
150 750
150 800
150 850
150 900
150 950
150 999
200 0
200 50
200 100
200 150
200 200
200 250
200 300
200 350
200 400
200 450
200 500
200 550
200 600
200 650
200 700
200 750
200 800
200 850
200 900
200 950
200 999
250 0
250 50
250 100
250 150
250 200
250 250
250 300
250 350
250 400
250 450
250 500
250 550
250 600
250 650
250 700
250 750
250 800
250 850
250 900
250 950
250 999
300 0
300 50
300 100
300 150
300 200
300 250
300 300
300 350
300 400
300 450
300 500
300 550
300 600
300 650
300 700
300 750
300 800
300 850
300 900
300 950
300 999
350 0
350 50
350 100
350 150
350 200
350 250
350 300
350 350
350 400
350 450
350 500
350 550
350 600
350 650
350 700
350 750
350 800
350 850
350 900
350 950
350 999
400 0
400 50
400 100
400 150
400 200
400 250
400 300
400 350
400 400
400 450
400 500
400 550
400 600
400 650
400 700
400 750
400 800
400 850
400 900
400 950
400 999
450 0
450 50
450 100
450 150
450 200
450 250
450 300
450 350
450 400
450 450
450 500
450 550
450 600
450 650
450 700
450 750
450 800
450 850
450 900
450 950
450 999
500 0
500 50
500 100
500 150
500 200
500 250
500 300
500 350
500 400
500 450
500 500
500 550
500 600
500 650
500 700
500 750
500 800
500 850
500 900
500 950
500 999
550 0
550 50
550 100
550 150
550 200
550 250
550 300
550 350
550 400
550 450
550 500
550 550
550 600
550 650
550 700
550 750
550 800
550 850
550 900
550 950
550 999
600 0
600 50
600 100
600 150
600 200
600 250
600 300
600 350
600 400
600 450
600 500
600 550
600 600
600 650
600 700
600 750
600 800
600 850
600 900
600 950
600 999
650 0
650 50
650 100
650 150
650 200
650 250
650 300
650 350
650 400
650 450
650 500
650 550
650 600
650 650
650 700
650 750
650 800
650 850
650 900
650 950
650 999
700 0
700 50
700 100
700 150
700 200
700 250
700 300
700 350
700 400
700 450
700 500
700 550
700 600
700 650
700 700
700 750
700 800
700 850
700 900
700 950
700 999
750 0
750 50
750 100
750 150
750 200
750 250
750 300
750 350
750 400
750 450
750 500
750 550
750 600
750 650
750 700
750 750
750 800
750 850
750 900
750 950
750 999
800 0
800 50
800 100
800 150
800 200
800 250
800 300
800 350
800 400
800 450
800 500
800 550
800 600
800 650
800 700
800 750
800 800
800 850
800 900
800 950
800 999
850 0
850 50
850 100
850 150
850 200
850 250
850 300
850 350
850 400
850 450
850 500
850 550
850 600
850 650
850 700
850 750
850 800
850 850
850 900
850 950
850 999
900 0
900 50
900 100
900 150
900 200
900 250
900 300
900 350
900 400
900 450
900 500
900 550
900 600
900 650
900 700
900 750
900 800
900 850
900 900
900 950
900 999
950 0
950 50
950 100
950 150
950 200
950 250
950 300
950 350
950 400
950 450
950 500
950 550
950 600
950 650
950 700
950 750
950 800
950 850
950 900
950 950
950 999
999 0
999 50
999 100
999 150
999 200
999 250
999 300
999 350
999 400
999 450
999 500
999 550
999 600
999 650
999 700
999 750
999 800
999 850
999 900
999 950
999 999
687 100 100
0 10
0 0
0 50
0 100
0 150
0 200
0 250
0 300
0 350
0 400
0 450
0 500
0 550
0 600
0 650
0 700
0 750
0 800
0 850
0 900
0 950
0 1000
30 40
30 90
30 140
30 190
30 240
30 290
30 340
30 390
30 440
30 490
30 540
30 590
30 640
30 690
30 740
30 790
30 840
30 890
30 940
30 990
60 30
60 80
60 130
60 180
60 230
60 280
60 330
60 380
60 430
60 480
60 530
60 580
60 630
60 680
60 730
60 780
60 830
60 880
60 930
60 980
90 20
90 70
90 120
90 170
90 220
90 270
90 320
90 370
90 420
90 470
90 520
90 570
90 620
90 670
90 720
90 770
90 820
90 870
90 920
90 970
120 10
120 60
120 110
120 160
120 210
120 260
120 310
120 360
120 410
120 460
120 510
120 560
120 610
120 660
120 710
120 760
120 810
120 860
120 910
120 960
150 0
150 50
150 100
150 150
150 200
150 250
150 300
150 350
150 400
150 450
150 500
150 550
150 600
150 650
150 700
150 750
150 800
150 850
150 900
150 950
150 1000
180 40
180 90
180 140
180 190
180 240
180 290
180 340
180 390
180 440
180 490
180 540
180 590
180 640
180 690
180 740
180 790
180 840
180 890
180 940
180 990
210 30
210 80
210 130
210 180
210 230
210 280
210 330
210 380
210 430
210 480
210 530
210 580
210 630
210 680
210 730
210 780
210 830
210 880
210 930
210 980
240 20
240 70
240 120
240 170
240 220
240 270
240 320
240 370
240 420
240 470
240 520
240 570
240 620
240 670
240 720
240 770
240 820
240 870
240 920
240 970
270 10
270 60
270 110
270 160
270 210
270 260
270 310
270 360
270 410
270 460
270 510
270 560
270 610
270 660
270 710
270 760
270 810
270 860
270 910
270 960
300 0
300 50
300 100
300 150
300 200
300 250
300 300
300 350
300 400
300 450
300 500
300 550
300 600
300 650
300 700
300 750
300 800
300 850
300 900
300 950
300 1000
330 40
330 90
330 140
330 190
330 240
330 290
330 340
330 390
330 440
330 490
330 540
330 590
330 640
330 690
330 740
330 790
330 840
330 890
330 940
330 990
360 30
360 80
360 130
360 180
360 230
360 280
360 330
360 380
360 430
360 480
360 530
360 580
360 630
360 680
360 730
360 780
360 830
360 880
360 930
360 980
390 20
390 70
390 120
390 170
390 220
390 270
390 320
390 370
390 420
390 470
390 520
390 570
390 620
390 670
390 720
390 770
390 820
390 870
390 920
390 970
420 10
420 60
420 110
420 160
420 210
420 260
420 310
420 360
420 410
420 460
420 510
420 560
420 610
420 660
420 710
420 760
420 810
420 860
420 910
420 960
450 0
450 50
450 100
450 150
450 200
450 250
450 300
450 350
450 400
450 450
450 500
450 550
450 600
450 650
450 700
450 750
450 800
450 850
450 900
450 950
450 1000
480 40
480 90
480 140
480 190
480 240
480 290
480 340
480 390
480 440
480 490
480 540
480 590
480 640
480 690
480 740
480 790
480 840
480 890
480 940
480 990
510 30
510 80
510 130
510 180
510 230
510 280
510 330
510 380
510 430
510 480
510 530
510 580
510 630
510 680
510 730
510 780
510 830
510 880
510 930
510 980
540 20
540 70
540 120
540 170
540 220
540 270
540 320
540 370
540 420
540 470
540 520
540 570
540 620
540 670
540 720
540 770
540 820
540 870
540 920
540 970
570 10
570 60
570 110
570 160
570 210
570 260
570 310
570 360
570 410
570 460
570 510
570 560
570 610
570 660
570 710
570 760
570 810
570 860
570 910
570 960
600 0
600 50
600 100
600 150
600 200
600 250
600 300
600 350
600 400
600 450
600 500
600 550
600 600
600 650
600 700
600 750
600 800
600 850
600 900
600 950
600 1000
630 40
630 90
630 140
630 190
630 240
630 290
630 340
630 390
630 440
630 490
630 540
630 590
630 640
630 690
630 740
630 790
630 840
630 890
630 940
630 990
660 30
660 80
660 130
660 180
660 230
660 280
660 330
660 380
660 430
660 480
660 530
660 580
660 630
660 680
660 730
660 780
660 830
660 880
660 930
660 980
690 20
690 70
690 120
690 170
690 220
690 270
690 320
690 370
690 420
690 470
690 520
690 570
690 620
690 670
690 720
690 770
690 820
690 870
690 920
690 970
720 10
720 60
720 110
720 160
720 210
720 260
720 310
720 360
720 410
720 460
720 510
720 560
720 610
720 660
720 710
720 760
720 810
720 860
720 910
720 960
750 0
750 50
750 100
750 150
750 200
750 250
750 300
750 350
750 400
750 450
750 500
750 550
750 600
750 650
750 700
750 750
750 800
750 850
750 900
750 950
750 1000
780 40
780 90
780 140
780 190
780 240
780 290
780 340
780 390
780 440
780 490
780 540
780 590
780 640
780 690
780 740
780 790
780 840
780 890
780 940
780 990
810 30
810 80
810 130
810 180
810 230
810 280
810 330
810 380
810 430
810 480
810 530
810 580
810 630
810 680
810 730
810 780
810 830
810 880
810 930
810 980
840 20
840 70
840 120
840 170
840 220
840 270
840 320
840 370
840 420
840 470
840 520
840 570
840 620
840 670
840 720
840 770
840 820
840 870
840 920
840 970
870 10
870 60
870 110
870 160
870 210
870 260
870 310
870 360
870 410
870 460
870 510
870 560
870 610
870 660
870 710
870 760
870 810
870 860
870 910
870 960
900 0
900 50
900 100
900 150
900 200
900 250
900 300
900 350
900 400
900 450
900 500
900 550
900 600
900 650
900 700
900 750
900 800
900 850
900 900
900 950
900 1000
930 40
930 90
930 140
930 190
930 240
930 290
930 340
930 390
930 440
930 490
930 540
930 590
930 640
930 690
930 740
930 790
930 840
930 890
930 940
930 990
960 30
960 80
960 130
960 180
960 230
960 280
960 330
960 380
960 430
960 480
960 530
960 580
960 630
960 680
960 730
960 780
960 830
960 880
960 930
960 980
990 20
990 70
990 120
990 170
990 220
990 270
990 320
990 370
990 420
990 470
990 520
990 570
990 620
990 670
990 720
990 770
990 820
990 870
990 920
990 970
1000 100 100
99 100
100 100
100 101
100 102
100 103
100 104
100 105
100 106
100 107
100 108
100 109
100 110
100 111
100 112
100 113
100 114
100 115
100 116
100 117
100 118
100 119
101 100
101 101
101 102
101 103
101 104
101 105
101 106
101 107
101 108
101 109
101 110
101 111
101 112
101 113
101 114
101 115
101 116
101 117
101 118
101 119
102 100
102 101
102 102
102 103
102 104
102 105
102 106
102 107
102 108
102 109
102 110
102 111
102 112
102 113
102 114
102 115
102 116
102 117
102 118
102 119
103 100
103 101
103 102
103 103
103 104
103 105
103 106
103 107
103 108
103 109
103 110
103 111
103 112
103 113
103 114
103 115
103 116
103 117
103 118
103 119
104 100
104 101
104 102
104 103
104 104
104 105
104 106
104 107
104 108
104 109
104 110
104 111
104 112
104 113
104 114
104 115
104 116
104 117
104 118
104 119
105 100
105 101
105 102
105 103
105 104
105 105
105 106
105 107
105 108
105 109
105 110
105 111
105 112
105 113
105 114
105 115
105 116
105 117
105 118
105 119
106 100
106 101
106 102
106 103
106 104
106 105
106 106
106 107
106 108
106 109
106 110
106 111
106 112
106 113
106 114
106 115
106 116
106 117
106 118
106 119
107 100
107 101
107 102
107 103
107 104
107 105
107 106
107 107
107 108
107 109
107 110
107 111
107 112
107 113
107 114
107 115
107 116
107 117
107 118
107 119
108 100
108 101
108 102
108 103
108 104
108 105
108 106
108 107
108 108
108 109
108 110
108 111
108 112
108 113
108 114
108 115
108 116
108 117
108 118
108 119
109 100
109 101
109 102
109 103
109 104
109 105
109 106
109 107
109 108
109 109
109 110
109 111
109 112
109 113
109 114
109 115
109 116
109 117
109 118
109 119
110 100
110 101
110 102
110 103
110 104
110 105
110 106
110 107
110 108
110 109
110 110
110 111
110 112
110 113
110 114
110 115
110 116
110 117
110 118
110 119
111 100
111 101
111 102
111 103
111 104
111 105
111 106
111 107
111 108
111 109
111 110
111 111
111 112
111 113
111 114
111 115
111 116
111 117
111 118
111 119
112 100
112 101
112 102
112 103
112 104
112 105
112 106
112 107
112 108
112 109
112 110
112 111
112 112
112 113
112 114
112 115
112 116
112 117
112 118
112 119
113 100
113 101
113 102
113 103
113 104
113 105
113 106
113 107
113 108
113 109
113 110
113 111
113 112
113 113
113 114
113 115
113 116
113 117
113 118
113 119
114 100
114 101
114 102
114 103
114 104
114 105
114 106
114 107
114 108
114 109
114 110
114 111
114 112
114 113
114 114
114 115
114 116
114 117
114 118
114 119
115 100
115 101
115 102
115 103
115 104
115 105
115 106
115 107
115 108
115 109
115 110
115 111
115 112
115 113
115 114
115 115
115 116
115 117
115 118
115 119
116 100
116 101
116 102
116 103
116 104
116 105
116 106
116 107
116 108
116 109
116 110
116 111
116 112
116 113
116 114
116 115
116 116
116 117
116 118
116 119
117 100
117 101
117 102
117 103
117 104
117 105
117 106
117 107
117 108
117 109
117 110
117 111
117 112
117 113
117 114
117 115
117 116
117 117
117 118
117 119
118 100
118 101
118 102
118 103
118 104
118 105
118 106
118 107
118 108
118 109
118 110
118 111
118 112
118 113
118 114
118 115
118 116
118 117
118 118
118 119
119 100
119 101
119 102
119 103
119 104
119 105
119 106
119 107
119 108
119 109
119 110
119 111
119 112
119 113
119 114
119 115
119 116
119 117
119 118
119 119
120 100
120 101
120 102
120 103
120 104
120 105
120 106
120 107
120 108
120 109
120 110
120 111
120 112
120 113
120 114
120 115
120 116
120 117
120 118
120 119
121 100
121 101
121 102
121 103
121 104
121 105
121 106
121 107
121 108
121 109
121 110
121 111
121 112
121 113
121 114
121 115
121 116
121 117
121 118
121 119
122 100
122 101
122 102
122 103
122 104
122 105
122 106
122 107
122 108
122 109
122 110
122 111
122 112
122 113
122 114
122 115
122 116
122 117
122 118
122 119
123 100
123 101
123 102
123 103
123 104
123 105
123 106
123 107
123 108
123 109
123 110
123 111
123 112
123 113
123 114
123 115
123 116
123 117
123 118
123 119
124 100
124 101
124 102
124 103
124 104
124 105
124 106
124 107
124 108
124 109
124 110
124 111
124 112
124 113
124 114
124 115
124 116
124 117
124 118
124 119
125 100
125 101
125 102
125 103
125 104
125 105
125 106
125 107
125 108
125 109
125 110
125 111
125 112
125 113
125 114
125 115
125 116
125 117
125 118
125 119
126 100
126 101
126 102
126 103
126 104
126 105
126 106
126 107
126 108
126 109
126 110
126 111
126 112
126 113
126 114
126 115
126 116
126 117
126 118
126 119
127 100
127 101
127 102
127 103
127 104
127 105
127 106
127 107
127 108
127 109
127 110
127 111
127 112
127 113
127 114
127 115
127 116
127 117
127 118
127 119
128 100
128 101
128 102
128 103
128 104
128 105
128 106
128 107
128 108
128 109
128 110
128 111
128 112
128 113
128 114
128 115
128 116
128 117
128 118
128 119
129 100
129 101
129 102
129 103
129 104
129 105
129 106
129 107
129 108
129 109
129 110
129 111
129 112
129 113
129 114
129 115
129 116
129 117
129 118
129 119
130 100
130 101
130 102
130 103
130 104
130 105
130 106
130 107
130 108
130 109
130 110
130 111
130 112
130 113
130 114
130 115
130 116
130 117
130 118
130 119
131 100
131 101
131 102
131 103
131 104
131 105
131 106
131 107
131 108
131 109
131 110
131 111
131 112
131 113
131 114
131 115
131 116
131 117
131 118
131 119
132 100
132 101
132 102
132 103
132 104
132 105
132 106
132 107
132 108
132 109
132 110
132 111
132 112
132 113
132 114
132 115
132 116
132 117
132 118
132 119
133 100
133 101
133 102
133 103
133 104
133 105
133 106
133 107
133 108
133 109
133 110
133 111
133 112
133 113
133 114
133 115
133 116
133 117
133 118
133 119
134 100
134 101
134 102
134 103
134 104
134 105
134 106
134 107
134 108
134 109
134 110
134 111
134 112
134 113
134 114
134 115
134 116
134 117
134 118
134 119
135 100
135 101
135 102
135 103
135 104
135 105
135 106
135 107
135 108
135 109
135 110
135 111
135 112
135 113
135 114
135 115
135 116
135 117
135 118
135 119
136 100
136 101
136 102
136 103
136 104
136 105
136 106
136 107
136 108
136 109
136 110
136 111
136 112
136 113
136 114
136 115
136 116
136 117
136 118
136 119
137 100
137 101
137 102
137 103
137 104
137 105
137 106
137 107
137 108
137 109
137 110
137 111
137 112
137 113
137 114
137 115
137 116
137 117
137 118
137 119
138 100
138 101
138 102
138 103
138 104
138 105
138 106
138 107
138 108
138 109
138 110
138 111
138 112
138 113
138 114
138 115
138 116
138 117
138 118
138 119
139 100
139 101
139 102
139 103
139 104
139 105
139 106
139 107
139 108
139 109
139 110
139 111
139 112
139 113
139 114
139 115
139 116
139 117
139 118
139 119
140 100
140 101
140 102
140 103
140 104
140 105
140 106
140 107
140 108
140 109
140 110
140 111
140 112
140 113
140 114
140 115
140 116
140 117
140 118
140 119
141 100
141 101
141 102
141 103
141 104
141 105
141 106
141 107
141 108
141 109
141 110
141 111
141 112
141 113
141 114
141 115
141 116
141 117
141 118
141 119
142 100
142 101
142 102
142 103
142 104
142 105
142 106
142 107
142 108
142 109
142 110
142 111
142 112
142 113
142 114
142 115
142 116
142 117
142 118
142 119
143 100
143 101
143 102
143 103
143 104
143 105
143 106
143 107
143 108
143 109
143 110
143 111
143 112
143 113
143 114
143 115
143 116
143 117
143 118
143 119
144 100
144 101
144 102
144 103
144 104
144 105
144 106
144 107
144 108
144 109
144 110
144 111
144 112
144 113
144 114
144 115
144 116
144 117
144 118
144 119
145 100
145 101
145 102
145 103
145 104
145 105
145 106
145 107
145 108
145 109
145 110
145 111
145 112
145 113
145 114
145 115
145 116
145 117
145 118
145 119
146 100
146 101
146 102
146 103
146 104
146 105
146 106
146 107
146 108
146 109
146 110
146 111
146 112
146 113
146 114
146 115
146 116
146 117
146 118
146 119
147 100
147 101
147 102
147 103
147 104
147 105
147 106
147 107
147 108
147 109
147 110
147 111
147 112
147 113
147 114
147 115
147 116
147 117
147 118
147 119
148 100
148 101
148 102
148 103
148 104
148 105
148 106
148 107
148 108
148 109
148 110
148 111
148 112
148 113
148 114
148 115
148 116
148 117
148 118
148 119
149 100
149 101
149 102
149 103
149 104
149 105
149 106
149 107
149 108
149 109
149 110
149 111
149 112
149 113
149 114
149 115
149 116
149 117
149 118
149 119
815 84 39
53 204
372 664
655 689
279 233
154 30
683 158
748 892
794 374
442 120
880 476
325 336
969 383
246 510
431 562
752 763
76 293
802 934
506 195
743 139
640 745
843 336
3 258
275 908
961 459
371 619
465 14
243 455
828 490
619 942
924 81
855 781
116 608
908 197
625 991
997 671
761 601
84 45
528 41
840 440
236 838
952 86
940 986
979 303
689 18
597 686
482 805
365 806
135 996
707 901
750 559
244 374
687 911
546 10
284 4
82 103
345 311
235 334
663 434
761 574
183 340
617 256
633 354
761 346
417 882
377 497
789 967
196 119
999 465
250 436
448 469
372 873
626 425
1 142
771 798
396 713
877 787
26 992
68 891
996 832
150 440
980 136
684 753
920 990
745 527
840 898
400 619
130 754
591 195
46 482
825 439
292 600
673 377
682 514
471 365
212 291
786 332
965 117
593 208
520 493
75 15
788 784
448 573
881 864
638 211
313 561
318 953
211 667
343 233
931 164
596 317
540 257
779 702
509 657
286 806
98 921
568 487
408 12
460 864
520 303
855 793
749 789
150 429
531 41
431 932
999 551
913 295
955 210
379 165
98 87
550 904
694 657
553 303
659 939
940 547
938 404
794 345
107 919
642 744
577 729
283 974
580 987
316 874
259 209
687 957
447 32
887 909
312 48
617 314
350 931
953 316
595 505
368 757
649 572
178 819
433 106
711 721
260 3
127 600
558 606
509 431
575 84
5 723
380 584
840 447
696 526
337 739
316 358
264 41
673 837
728 575
877 628
785 513
1 130
691 333
692 114
861 654
237 943
203 193
669 521
608 336
946 785
31 508
863 381
970 494
907 418
565 857
472 920
478 991
439 565
23 383
186 224
784 758
774 465
462 953
132 814
459 390
727 402
944 935
144 994
584 174
564 424
243 941
770 700
788 615
471 458
507 844
826 384
554 913
177 16
944 80
849 460
863 191
561 527
665 468
873 409
325 306
110 655
852 717
46 763
529 896
707 677
82 542
666 316
943 963
435 933
900 549
506 875
292 592
517 822
759 730
191 211
844 140
545 85
388 101
617 433
814 695
102 611
787 943
364 252
810 304
763 364
90 432
2 35
46 161
508 38
737 707
430 826
933 454
162 374
198 809
922 10
855 280
457 524
700 257
861 179
758 134
18 946
429 548
634 857
627 814
43 973
744 55
917 542
462 97
698 381
291 465
563 560
734 478
898 429
575 0
223 19
517 674
922 399
134 575
635 358
102 468
657 848
343 212
810 26
731 481
888 606
213 238
25 172
653 557
182 715
306 862
300 88
74 332
407 105
138 599
893 567
828 211
15 926
710 549
566 715
79 568
6 309
457 865
745 434
74 705
302 321
261 464
130 835
447 936
152 129
253 451
231 3
621 229
510 961
997 970
620 534
857 251
269 565
303 960
268 81
531 53
861 360
41 217
215 184
136 249
526 756
260 988
289 53
654 475
299 796
68 710
714 856
747 263
233 559
84 383
284 273
701 391
695 448
751 884
31 886
698 561
251 745
476 539
353 798
43 961
729 816
792 737
15 3
26 583
338 872
943 893
847 451
562 236
370 179
692 177
998 941
43 707
891 623
618 773
91 254
546 332
820 594
193 947
185 327
825 983
274 773
151 781
59 974
666 863
661 296
997 528
372 144
249 835
609 223
720 144
604 430
502 333
452 211
532 635
751 762
747 321
184 54
168 647
529 79
629 939
173 877
295 569
13 897
591 748
629 390
379 149
625 966
416 249
242 732
994 812
625 676
473 46
761 182
790 98
996 49
846 101
236 693
773 840
830 694
663 722
766 702
803 841
958 759
50 81
817 473
342 229
651 971
569 962
545 883
989 349
79 744
603 115
776 599
979 712
991 368
874 437
560 77
777 393
615 571
890 52
525 517
86 461
654 947
568 331
897 679
708 209
733 526
748 153
242 607
596 323
883 73
974 420
619 619
28 843
882 575
502 639
912 693
75 20
22 614
182 195
968 186
59 568
252 712
269 37
391 393
713 64
231 392
36 14
476 325
759 309
121 722
318 157
70 323
960 344
145 342
26 158
816 403
903 250
298 203
170 213
730 12
96 968
491 364
665 216
741 859
699 459
751 945
635 474
511 489
556 692
683 886
238 194
278 19
138 371
983 819
139 511
530 200
597 194
276 10
189 8
752 341
834 659
47 781
967 578
534 220
977 514
852 602
941 157
455 306
893 763
355 101
187 138
408 612
307 581
152 496
645 163
421 813
451 901
822 97
737 314
126 419
666 465
727 270
691 84
239 17
847 807
176 457
975 734
792 581
138 825
163 280
978 683
515 333
425 512
996 131
372 661
512 482
941 167
834 958
904 53
243 453
239 559
48 635
437 829
569 288
907 252
830 278
775 571
242 262
246 570
554 450
610 496
65 177
287 627
939 109
24 339
259 498
357 121
581 612
303 558
153 267
597 297
194 517
245 37
12 701
663 931
989 656
157 382
274 127
783 159
591 131
509 186
769 959
185 410
429 585
840 360
48 56
812 79
598 342
897 628
51 517
732 341
660 509
649 734
219 906
67 798
8 893
482 115
816 902
946 888
730 563
943 627
1000 866
214 450
571 75
16 379
627 239
427 240
947 844
9 320
660 845
674 666
126 199
49 606
738 604
717 204
594 178
555 609
965 735
861 653
825 613
335 45
451 655
7 401
176 461
833 289
408 158
659 533
164 539
52 799
556 258
340 938
917 870
612 882
918 1
775 150
314 578
131 283
665 756
753 116
273 621
416 951
979 747
756 878
341 924
656 712
322 562
94 293
692 794
649 926
972 645
819 819
922 292
902 984
996 670
978 498
556 304
538 518
962 171
472 30
905 626
932 467
516 244
16 952
163 868
843 82
393 845
978 410
155 267
510 349
136 932
480 512
346 310
223 326
764 247
598 551
699 211
425 439
493 872
172 610
393 705
764 236
592 102
211 104
779 820
185 905
630 479
39 270
969 546
619 730
403 653
582 842
164 954
5 829
88 157
957 885
601 558
809 865
239 783
426 224
380 966
627 931
730 484
433 872
829 973
994 56
365 879
15 976
499 377
400 742
511 38
775 63
343 825
946 114
401 523
64 155
9 29
725 509
843 282
206 912
617 61
471 725
803 459
378 575
856 530
445 550
363 308
981 91
38 111
605 449
505 534
67 967
640 788
137 468
452 590
37 81
736 889
583 496
831 261
803 248
633 833
311 144
598 783
824 191
764 330
866 250
465 647
986 805
436 848
650 991
225 974
833 279
40 522
2 231
557 502
782 969
297 206
402 977
382 753
271 648
361 748
80 199
189 178
667 267
906 93
84 667
770 745
461 104
369 576
849 100
654 820
569 989
204 880
782 401
554 953
425 755
282 317
337 187
828 423
514 58
264 116
267 954
503 260
851 378
494 367
194 392
909 52
423 647
333 704
989 538
753 900
518 917
718 293
461 717
860 495
112 613
226 736
607 446
588 522
63 536
574 925
446 595
149 439
813 712
43 420
471 918
207 39
13 519
866 439
694 394
704 349
674 876
470 517
231 398
666 128
674 387
894 164
648 446
427 627
401 904
505 129
939 205
221 759
732 930
472 589
469 777
3 144
992 210
794 675
529 294
571 280
461 663
640 785
282 169
455 46
250 544
268 620
321 404
104 609
509 921
304 626
886 802
213 966
323 277
74 672
907 171
96 35 18
913 609
715 819
696 290
450 325
788 585
924 426
820 554
929 707
330 424
884 795
948 368
388 525
285 789
939 630
813 814
633 36
37 998
870 150
458 215
353 891
428 427
273 143
703 304
5 297
866 635
705 851
721 741
442 768
429 563
542 146
640 125
815 629
612 168
371 924
287 304
766 430
951 857
874 380
638 294
995 714
877 100
892 99
715 478
686 71
880 297
631 707
170 271
599 118
122 368
772 292
650 766
298 604
211 610
871 960
912 160
356 962
127 750
499 103
201 166
89 509
783 785
973 467
746 588
27 50
940 6
540 146
977 838
807 128
286 781
412 947
83 838
248 250
640 171
664 845
345 43
146 249
487 29
70 751
869 72
98 902
176 671
699 457
189 133
539 996
784 161
552 603
426 888
934 511
204 9
794 885
629 413
753 712
687 293
841 852
63 40
452 987
527 196
887 47 75
33 617
816 609
302 934
348 376
435 954
849 60
915 390
803 485
544 227
943 229
849 147
616 928
743 611
419 412
418 699
655 388
744 504
896 855
520 715
880 632
6 100
778 238
146 19
764 251
272 819
305 929
989 742
199 536
932 601
556 80
427 443
228 560
761 475
111 795
633 328
303 359
65 670
617 694
7 983
533 171
663 200
945 908
561 717
217 733
275 11
681 371
31 83
325 828
760 475
703 71
771 494
346 713
400 195
73 343
75 480
785 458
259 120
288 611
13 581
279 577
692 853
171 512
207 300
717 494
465 743
121 695
803 515
521 257
615 971
305 309
326 392
884 217
330 82
48 198
349 524
828 433
539 7
138 682
155 174
906 592
906 413
699 821
957 763
4 796
551 380
858 763
423 916
408 256
221 471
359 854
866 431
322 99
719 445
479 642
147 229
111 478
535 578
893 403
859 103
421 967
296 745
137 7
941 93
772 697
347 680
384 415
354 593
199 831
781 22
629 673
558 248
56 699
449 328
726 531
549 998
400 353
834 186
797 229
293 981
286 766
198 192
896 854
95 476
604 578
560 493
575 213
269 430
178 35
583 102
518 698
987 291
675 138
287 660
68 560
343 412
331 627
302 819
676 614
955 251
897 829
745 692
710 299
74 380
56 7
793 531
861 512
987 244
80 665
638 264
410 522
808 932
648 58
351 510
70 906
153 933
637 657
742 674
809 165
213 537
474 312
802 644
610 35
490 33
309 876
65 759
677 820
263 502
555 938
983 783
479 555
6 149
623 280
10 355
826 179
120 175
848 638
776 669
444 527
385 510
704 120
955 950
189 569
438 817
141 329
332 847
725 701
58 99
910 776
230 976
545 632
58 57
701 458
428 105
211 720
939 604
619 261
535 628
837 414
291 70
554 704
512 812
564 573
113 643
492 799
336 731
94 743
532 970
480 312
920 575
3 223
742 80
302 17
75 380
494 443
637 373
253 963
301 245
508 225
110 179
301 317
693 487
331 612
9 902
662 274
897 325
818 46
588 653
772 223
595 819
382 907
743 307
353 30
252 532
126 668
255 468
875 85
425 423
905 34
914 103
41 555
831 655
5 574
539 76
352 866
679 861
1000 792
591 587
941 847
693 996
671 280
58 225
372 860
949 169
41 329
110 143
591 708
167 452
766 233
442 803
250 601
980 241
44 525
407 349
742 212
469 25
193 217
203 246
908 164
678 143
240 89
641 659
631 318
125 621
841 139
212 195
877 927
15 923
872 440
584 953
411 629
346 549
335 427
157 515
317 903
86 421
300 65
800 669
284 796
911 25
596 51
857 627
83 964
543 992
902 427
344 589
236 18
651 560
967 751
438 814
797 664
999 628
833 722
798 7
256 18
551 413
860 391
531 536
799 478
944 701
749 838
354 661
513 494
575 729
881 524
271 782
297 632
322 103
442 338
32 948
968 434
994 867
67 685
388 399
72 129
460 947
67 598
393 296
856 151
880 881
371 430
339 375
906 833
438 247
290 970
724 205
166 598
885 457
820 373
429 362
851 301
238 538
741 30
878 900
556 198
551 845
420 502
797 106
479 920
429 799
128 289
929 993
642 964
580 668
714 288
439 863
179 321
612 352
959 957
179 958
980 402
814 659
373 48
977 758
96 283
590 181
796 156
231 800
881 237
433 108
42 116
449 822
364 215
466 196
174 91
911 360
714 340
879 840
87 753
510 486
586 569
559 859
163 106
933 186
279 958
606 592
288 925
578 493
911 40
42 300
337 94
707 982
745 249
666 560
446 810
5 772
307 211
160 404
684 828
17 80
499 106
193 383
520 445
53 108
412 505
222 169
127 542
258 495
934 66
177 763
394 222
107 496
435 966
116 628
949 262
643 18
701 591
448 891
662 512
90 311
355 209
216 378
325 795
401 514
385 64
5 884
715 666
304 521
437 122
723 446
933 758
123 931
696 687
401 973
173 16
670 483
839 326
812 389
710 786
580 933
309 307
619 622
88 513
124 987
891 743
468 233
728 751
260 862
237 495
287 489
781 636
423 720
258 876
69 701
557 559
891 473
421 438
36 727
779 958
719 752
735 427
616 327
100 701
562 386
933 737
713 330
902 533
564 797
231 596
195 766
708 357
910 134
261 886
585 493
910 899
986 959
245 628
623 150
811 6
309 115
290 656
556 229
343 836
183 443
941 552
759 728
286 891
777 265
354 307
732 620
129 924
445 635
488 603
863 670
861 943
757 923
3 571
410 372
724 560
700 670
872 893
557 324
222 253
171 811
222 183
88 24
688 236
771 846
247 627
323 821
424 560
9 969
348 342
334 274
892 229
763 524
496 88
573 264
565 12
252 302
778 887
278 833
724 529
701 815
314 756
588 132
57 125
790 874
860 501
428 913
858 531
992 366
399 815
705 443
876 113
680 837
726 886
492 625
617 771
944 166
139 123
388 321
276 997
340 669
663 552
179 492
470 520
260 830
936 809
355 855
328 271
206 831
137 415
183 217
497 906
261 337
22 678
387 615
950 665
348 689
620 68
31 922
479 837
600 981
308 660
63 711
803 888
740 631
805 683
718 97
261 662
444 96
825 354
185 825
901 708
369 161
388 551
171 603
792 556
110 820
460 610
280 968
349 65
676 80
266 922
670 836
702 725
619 739
255 578
777 117
80 780
638 292
934 363
425 822
619 270
441 941
779 912
786 862
176 611
689 801
762 68
309 617
186 492
226 555
843 833
187 948
158 692
535 690
215 625
693 747
107 934
163 675
478 915
748 335
500 218
861 922
975 310
817 569
488 388
945 95
503 415
681 44
762 418
385 72
684 554
73 391
679 829
772 940
357 363
336 163
718 306
325 196
585 490
896 713
930 566
108 304
868 88
429 315
109 161
121 460
176 735
511 671
45 678
398 1
408 495
295 447
435 708
972 2
590 421
730 154
334 952
409 992
656 598
746 689
974 182
931 190
788 84
527 926
23 817
834 145
79 321
216 848
225 829
975 83
95 503
61 238
900 951
990 301
479 404
458 241
702 238
70 115
54 18
926 238
458 394
970 430
870 682
992 219
562 303
683 971
333 913
880 862
514 110
344 0
7 980
230 637
846 476
683 767
650 57
932 424
496 129
732 460
636 892
934 69
901 960
184 566
128 535
983 956
187 319
311 10
942 270
635 255
8 526
68 669
762 296
100 86
793 741
300 908
36 206
913 141
713 138
837 629
110 376
844 670
975 689
342 266
3 119
498 648
430 147
558 744
594 733
501 628
602 875
837 115
166 926
375 715
295 239
1 984
621 400
58 986
457 195
8 992
677 581
563 72
724 446
722 239
785 541
6 449
687 487
383 155
764 277
162 907
755 67
215 448
742 80
740 914
512 185
848 974
108 465
759 389
207 919
575 217
387 663
117 269
480 642
141 649
76 785
639 423
701 109
597 160
281 367
202 652
130 498
978 240
601 431
136 14
267 57
955 327
483 434
677 352
54 777
198 618
588 30
134 324
753 265
330 538
905 686
49 193
17 993
332 439
96 620
866 351
817 927
424 17
156 265
86 209
993 231
853 65
17 710
404 132
421 272
177 100
261 639
999 758
756 103
564 307
387 437
566 33
612 805
932 15
680 799
125 489
72 370
599 411
315 161
536 200
314 515
552 299
156 519
176 488
482 334
841 492
441 109
708 169
318 32
167 180
608 669
357 821
918 303
794 750
474 466
460 761
623 272
35 937
204 117
272 259
147 12
647 418
58 374
952 858
617 924
451 452
104 138
275 82
574 382
908 476
427 206
744 361
635 514
391 905
297 282
731 679
245 872
615 792
400 141
978 464
882 169
682 790
267 69
106 748
918 825
184 331
241 28
943 434
186 958
124 955
884 624
418 982
666 207
799 43
296 15
956 337
453 276
199 502
388 159
623 79
95 148
952 939
685 203
402 150
545 178
9 141
49 749
990 328
517 791
38 504
594 349
997 582
692 917
488 501
328 708
650 516
287 672
542 520
877 153
764 204
638 783
950 145
898 691
746 22 17
617 845
628 155
744 936
99 159
92 507
991 631
941 422
807 740
347 34
773 830
684 387
932 655
10 673
165 989
214 434
366 953
254 920
661 558
400 941
237 332
210 477
557 712
113 314
532 559
647 996
848 603
51 962
222 999
430 244
907 96
839 537
793 62
172 693
71 795
598 512
633 294
455 492
93 926
500 607
357 606
818 461
969 323
656 239
895 56
338 583
925 476
584 620
850 319
493 389
99 903
658 605
242 249
849 557
174 681
113 425
620 92
155 247
226 773
397 654
449 895
308 166
338 146
434 96
351 389
441 352
458 866
791 717
141 982
632 624
878 352
412 905
630 172
5 139
345 72
846 514
476 616
24 963
876 20
146 661
387 241
871 284
688 754
258 432
801 533
461 439
53 847
556 687
71 230
171 183
933 530
72 492
860 373
170 411
325 251
925 175
208 598
194 417
298 215
222 161
913 560
487 225
167 993
626 236
473 928
319 340
300 456
972 516
267 207
388 269
447 51
665 423
811 132
780 4
572 981
609 56
450 101
780 182
105 510
509 777
694 611
106 431
772 373
713 214
1000 386
395 817
660 458
629 711
670 368
72 288
128 38
361 134
823 23
920 682
253 545
733 84
113 322
721 528
200 826
8 183
456 566
715 500
276 730
110 458
53 651
929 56
705 573
452 794
472 34
133 109
533 844
982 758
52 929
525 960
20 519
61 47
813 272
669 880
610 102
34 886
852 932
762 540
942 457
908 375
568 70
363 283
418 944
849 104
324 42
232 692
138 183
295 740
736 811
291 760
567 54
84 214
306 407
709 996
213 755
533 710
807 274
209 806
876 660
178 505
437 218
957 879
968 29
943 507
92 89
671 235
213 602
939 33
862 793
274 562
790 621
909 632
620 81
1 811
248 401
674 385
726 590
947 267
428 71
580 324
692 317
164 75
311 834
245 435
88 377
962 480
236 894
16 687
664 551
402 405
410 779
893 918
598 478
433 740
697 450
563 241
0 855
203 390
582 400
557 206
391 80
192 283
639 334
464 963
184 144
50 36
692 216
688 695
167 612
616 774
392 654
693 532
406 584
142 175
916 225
497 237
551 274
190 807
900 898
153 567
784 368
541 529
288 509
965 490
448 695
897 320
199 598
749 77
78 399
151 496
639 74
743 6
685 66
518 267
438 983
808 359
94 187
943 293
710 193
56 265
986 335
98 705
841 423
435 6
608 24
204 638
877 789
217 320
739 224
778 955
455 791
395 451
830 737
790 214
89 377
756 134
60 159
206 887
567 188
917 954
24 136
956 240
485 583
384 710
95 576
732 358
252 864
858 457
944 526
185 280
720 270
893 252
633 175
508 144
660 823
220 640
265 866
167 273
868 862
123 536
704 284
182 282
797 878
959 813
134 645
318 599
567 533
888 635
163 74
244 412
543 569
428 208
391 711
451 621
752 66
109 283
371 950
339 312
837 674
919 691
119 298
233 876
953 216
755 847
478 106
706 400
796 278
744 411
775 914
592 471
379 919
847 264
195 104
861 641
405 263
103 485
185 70
50 105
789 13
989 397
826 904
49 175
307 913
151 774
47 664
256 278
501 873
764 601
233 650
459 522
261 68
26 355
460 848
218 964
34 959
585 218
671 744
835 227
598 264
815 551
123 270
513 13
756 619
689 536
77 178
11 596
876 56
675 92
727 845
57 259
58 505
527 756
572 836
622 823
512 826
173 187
898 952
567 890
420 942
508 889
195 854
999 159
603 550
121 205
315 637
371 123
588 195
487 382
75 935
852 413
175 262
594 793
322 717
952 24
912 598
67 524
551 838
450 272
616 155
722 708
310 621
451 488
603 581
695 563
22 922
542 823
873 330
982 18
517 117
959 667
425 48
190 823
306 456
597 934
346 487
598 817
576 245
860 835
717 866
234 252
367 679
897 546
294 228
455 884
935 73
414 274
418 178
965 797
0 19
224 519
744 251
139 34
520 709
169 398
543 844
528 467
373 240
214 711
295 237
777 7
507 421
720 990
565 13
167 172
358 737
785 702
411 828
279 576
579 320
913 163
72 37
174 308
383 515
827 249
797 299
396 113
840 930
48 330
477 791
322 851
878 923
404 53
734 606
261 681
635 582
66 952
904 329
405 609
647 952
211 478
148 353
59 960
995 970
321 754
686 295
496 385
32 497
717 338
558 717
119 113
517 539
938 507
699 622
296 31
183 482
970 476
802 958
907 759
170 806
246 535
473 22
682 131
607 269
150 919
858 967
227 487
217 660
51 676
602 638
512 984
943 61
514 470
137 499
461 153
28 195
285 990
69 395
698 880
240 920
420 461
887 904
505 938
883 444
325 712
782 321
298 655
960 35
124 167
223 836
480 129
805 96
581 803
703 519
794 442
77 259
897 360
30 561
170 867
932 820
410 646
189 451
93 545
830 850
667 35
730 908
512 701
686 492
135 823
939 560
794 653
371 741
529 131
801 381
85 59
393 911
553 637
715 723
216 834
374 704
536 17
698 738
451 940
916 502
480 873
736 806
633 198
262 921
916 861
811 645
536 712
788 175
964 320
222 463
936 758
422 900
404 293
328 539
402 82
666 346
613 621
317 11
188 19
773 506
240 653
168 206
70 454
171 22
14 470
38 8
744 811
967 373
688 748
974 354
84 56
458 506
566 508
994 994
340 754
625 482
61 738
525 443
888 141
585 289
477 600
461 931
689 923
209 103
197 891
382 92
324 790
982 729
660 66
472 216
506 922
936 409
209 673
656 111
893 884
753 47
386 909
729 455
294 278
716 45
416 49
196 795
815 256
38 582
845 798
546 277
4 4
392 156
955 815
892 655
465 874
860 367
226 478
893 849
635 13
615 22
12 381
941 659
540 185
729 72
539 6
424 636
797 785
222 173
27 256
413 757
329 267
19 487
526 517
829 611
950 408
985 99
699 596
39 9
271 23
536 800
38 495
167 197
551 555
275 420
927 327
633 93
356 340
109 264
488 224
843 6
237 353
960 331
232 314
818 97
822 811
594 397
675 555
886 303
348 285
611 290
218 363
412 162
890 275
420 191
412 84
178 759
489 227
915 572
39 494
938 495
822 694
348 81
264 807
727 864
323 436
486 172
93 545
340 203
517 469
721 482
117 54
97 223
861 208
808 825
197 128
833 775
645 316
631 789
252 477
472 624
290 411
763 942
607 738
305 119
178 844
637 304
558 363
186 479
801 530
770 35
733 520
329 590
677 603
636 727
945 703
250 722
287 347
246 796
187 497
719 47
954 961
222 114
194 819
915 439
704 305
320 236
522 771
478 455
743 397
724 398
801 185
836 991
100 172
55 169
3 11
1 662
394 883
981 691
65 993
526 886
823 235
286 492
59 588
408 979
351 728
31 52 13
623 395
738 134
260 631
482 424
468 933
683 618
843 728
833 988
316 524
366 455
669 519
299 517
708 42
470 953
187 621
551 286
115 583
527 718
651 989
5 18
272 605
697 867
102 461
172 191
29 953
774 815
852 256
815 617
715 251
73 196
339 3
211 32
437 50 84
916 488
845 529
35 2
154 100
809 647
397 206
568 347
137 455
104 448
331 634
78 321
696 837
859 82
2 684
706 240
817 145
599 466
353 702
435 605
125 617
949 975
660 434
133 565
25 198
750 919
270 376
981 195
913 276
378 875
473 697
65 517
371 878
82 206
931 854
770 514
44 125
50 550
297 874
30 517
151 499
494 693
1000 191
161 313
791 460
710 93
423 656
376 499
724 906
237 625
829 599
570 97
78 632
751 441
5 955
810 926
103 508
491 500
790 752
856 59
734 935
11 424
822 681
891 262
152 970
280 926
43 277
267 828
360 636
910 782
612 745
997 441
933 550
140 47
333 228
461 935
749 244
816 583
585 835
411 750
918 622
566 786
232 220
542 401
483 441
127 589
311 927
674 347
708 824
305 135
414 114
354 956
938 81
876 276
126 513
553 293
621 811
954 815
148 409
216 617
828 640
539 163
799 868
661 458
510 244
497 204
234 213
181 428
586 707
458 667
326 565
989 754
654 265
312 19
40 51
609 200
293 486
841 311
797 929
617 453
463 268
378 592
587 42
609 264
298 262
858 25
859 517
150 80
989 673
348 36
242 731
309 192
321 220
990 900
845 526
346 775
544 959
157 920
967 876
370 449
267 725
944 898
116 72
88 899
381 696
396 487
373 437
176 551
198 703
364 549
617 920
190 928
346 354
850 931
619 864
527 588
770 945
779 555
2 898
152 530
856 661
575 616
94 458
264 484
541 228
274 814
813 572
689 829
377 899
146 290
172 371
357 529
843 428
467 22
589 514
973 332
808 76
226 141
530 595
953 710
846 65
78 594
26 543
542 234
781 381
794 495
462 378
717 356
208 941
691 319
258 50
915 571
749 240
733 551
981 399
991 688
443 330
810 431
510 842
270 823
992 434
371 612
861 585
852 856
655 833
789 873
662 728
217 117
44 610
464 993
374 913
643 21
839 79
181 98
669 973
884 799
453 14
750 618
234 640
646 377
698 726
768 611
21 529
379 615
703 159
268 352
365 258
113 899
247 678
618 936
519 732
1000 586
839 843
618 830
193 138
101 944
764 317
11 592
270 354
143 86
622 805
510 454
195 558
312 392
497 319
998 236
461 228
770 762
772 339
661 544
693 791
358 247
684 205
540 153
621 691
826 857
71 929
514 861
931 230
366 859
784 390
331 75
345 904
55 745
401 213
848 61
990 205
752 609
58 422
900 777
990 847
245 153
858 754
581 995
357 587
910 885
947 678
743 870
448 862
845 161
419 384
557 803
468 892
401 753
812 243
23 153
118 185
772 573
815 249
868 465
716 840
209 956
174 42
933 828
296 931
377 284
54 236
148 683
218 333
937 612
936 44
8 483
586 571
132 868
122 407
127 664
93 184
354 801
439 293
32 151
467 566
794 103
664 520
214 534
469 502
137 93
980 796
575 364
272 982
813 471
815 355
894 147
457 495
136 331
990 698
636 594
280 231
767 233
442 486
969 55
842 235
860 839
126 984
757 248
809 759
633 979
213 51
97 874
382 78
456 566
993 897
112 154
737 829
669 660
691 1
870 708
952 199
36 192
517 794
264 712
795 653
297 16
755 994
663 191
290 615
628 888
576 636
114 949
919 776
3 295
995 998
989 882
295 178
510 775
479 266
289 422
929 747
729 815
377 777
11 374
168 152
760 870
17 817
92 158
932 278
995 471
714 806
283 270
890 969
595 251
442 828
387 808
763 994
2 383
12 631
372 858
280 870
304 736
44 399
928 484
332 317
175 91
848 60
144 702
381 995
311 912
684 338
526 442
351 482
806 626
161 911
110 4
241 4
841 835
388 594
825 412
603 247
39 965
295 335
637 122
393 697
882 314
619 405
386 73
690 124
328 974
821 564
860 923
296 145
737 55
343 776
512 408
635 148
578 562
225 169
236 221
710 764
826 699
993 997
695 295
404 550
313 872
398 711
668 100
515 396
510 354
806 74
168 325
503 410
4 5 10
100 100
50 100
50 150
100 50
100 150
346 92 51
258 117
434 689
566 542
869 105
989 61
138 29
886 769
677 10
570 950
856 335
247 911
65 6
808 379
507 109
1000 873
115 465
269 925
9 948
964 100
95 960
174 167
376 610
544 614
642 289
266 195
667 994
953 685
303 816
555 751
66 877
214 180
803 693
4 520
786 480
755 506
119 390
40 411
687 676
624 965
230 965
871 411
252 17
123 936
133 573
66 957
528 755
172 456
542 899
573 697
777 277
294 234
88 404
474 348
27 822
685 357
335 217
552 999
573 897
140 819
426 261
526 693
914 568
44 358
320 838
655 665
76 776
737 4
297 174
544 795
187 674
636 898
549 958
961 80
750 555
340 366
299 630
544 250
285 592
425 426
640 84
977 796
64 202
950 176
319 973
559 863
283 937
57 423
845 290
606 685
967 845
756 479
516 438
535 899
899 162
946 211
855 289
760 706
978 530
374 32
421 4
595 151
944 254
870 114
281 20
126 59
292 185
808 56
742 748
524 676
517 682
570 45
778 789
838 104
807 262
504 729
511 592
513 462
827 187
417 867
616 724
98 336
105 494
219 758
675 729
80 255
652 688
654 316
988 265
641 783
948 303
481 749
732 825
723 491
369 713
254 619
160 428
744 556
32 324
944 96
745 910
165 965
151 436
615 475
85 563
195 336
73 603
33 180
966 692
753 822
318 587
408 596
575 196
529 270
333 357
877 985
569 577
268 705
339 144
274 616
775 187
110 153
418 662
28 835
861 48
886 245
189 875
912 595
348 230
876 373
765 575
75 751
525 21
241 566
307 409
464 201
503 702
434 212
505 9
812 755
157 217
862 799
371 308
66 517
433 319
12 70
501 699
839 34
160 643
740 519
868 82
327 326
681 792
735 244
236 591
398 879
75 734
84 287
634 953
706 263
275 426
797 643
874 529
779 724
383 785
289 185
768 632
215 275
483 74
413 762
312 750
890 123
114 392
595 340
595 555
343 250
156 466
914 60
381 623
257 535
311 978
159 470
366 261
19 165
571 548
786 454
786 411
542 712
431 689
952 967
611 897
832 123
14 305
855 853
744 226
945 420
35 890
123 436
728 94
458 444
727 503
836 865
905 779
121 544
694 83
63 332
928 110
605 563
430 631
281 180
309 742
395 248
477 341
226 641
812 980
341 860
348 846
658 647
258 376
376 328
377 955
660 325
10 260
865 490
844 768
360 619
938 699
13 516
407 671
830 155
384 560
472 901
221 781
385 930
84 911
787 129
592 102
515 252
181 44
107 854
109 961
633 490
728 241
194 660
949 331
175 498
180 243
881 615
985 489
964 780
341 826
815 745
324 36
969 308
812 117
233 954
134 133
878 939
178 942
303 461
441 226
720 835
378 664
523 722
821 616
266 995
42 251
219 116
192 448
749 213
589 20
693 151
440 249
641 323
563 175
262 425
934 186
418 424
555 619
304 993
169 301
768 814
110 977
623 835
471 325
59 863
803 184
440 350
136 328
269 331
927 912
390 913
839 957
294 550
343 851
820 509
384 651
89 261
525 311
607 991
747 321
771 93
615 557
771 986
673 979
514 506
200 285
420 566
812 47 30
422 258
922 232
937 356
637 229
543 312
235 189
762 861
993 399
61 668
268 61
94 872
703 511
272 815
376 450
766 946
285 671
650 538
861 549
130 371
557 871
570 846
603 713
216 571
970 785
651 504
629 48
413 868
168 778
781 622
310 682
183 340
874 598
684 706
431 462
394 442
860 791
577 100
877 84
177 413
158 800
905 747
394 531
847 663
506 246
396 855
63 873
637 785
335 921
20 374
105 139
89 859
337 449
450 522
70 918
122 635
838 585
502 563
735 383
122 588
496 919
282 153
467 216
974 243
385 773
678 518
161 972
756 167
536 431
566 167
672 579
262 820
438 538
738 494
341 519
70 836
421 145
554 972
657 851
729 709
714 925
41 809
192 926
475 620
740 83
437 491
618 219
924 400
397 18
731 428
903 73
322 906
406 994
281 670
73 371
340 242
312 456
235 892
539 660
462 461
495 375
188 827
0 349
889 156
840 844
990 671
934 709
585 732
609 805
196 938
216 872
873 757
588 401
954 687
481 211
886 745
513 624
487 723
881 613
850 441
10 872
924 340
276 360
503 216
382 594
850 590
749 830
964 933
496 137
478 600
770 246
615 443
505 453
814 839
702 886
562 726
196 370
870 578
16 823
57 750
583 648
132 172
73 514
682 857
141 636
392 965
955 918
362 211
940 834
301 665
148 344
453 334
68 746
67 956
857 67
170 429
585 397
97 949
467 482
480 959
270 566
91 716
601 782
638 988
358 782
29 143
652 390
629 315
115 621
501 45
787 880
272 835
625 6
834 644
93 118
494 27
955 945
69 376
766 854
740 363
980 530
82 190
914 467
885 161
417 918
327 503
326 516
943 654
297 332
469 665
251 175
229 781
433 166
540 226
235 224
246 168
868 318
529 347
507 506
61 528
134 106
446 584
530 268
647 585
303 204
593 279
97 74
189 92
607 459
197 785
422 434
329 386
746 704
644 856
290 729
827 763
771 135
352 168
510 908
521 20
202 469
687 687
683 864
940 734
320 344
453 595
378 26
425 62
999 550
178 573
67 150
253 186
527 300
144 725
720 2
986 337
320 472
601 633
992 115
415 457
343 165
798 836
895 552
432 854
826 81
873 854
924 678
562 979
370 234
600 597
55 155
470 738
14 895
55 919
412 885
360 621
195 620
668 634
923 124
620 556
145 378
338 554
445 235
583 753
761 529
858 285
104 635
588 678
525 653
333 11
709 628
738 45
152 704
741 826
809 106
24 337
858 956
845 203
829 706
251 673
777 481
577 693
195 353
862 809
206 145
496 12
507 114
708 944
100 595
937 981
905 858
649 378
938 118
92 901
433 926
959 979
866 504
254 817
394 444
648 557
556 847
898 401
824 242
729 232
255 579
547 444
206 417
0 589
897 27
287 688
637 8
604 356
699 491
338 791
529 40
587 969
249 942
804 197
881 868
831 565
673 702
783 205
773 560
705 639
259 31
547 800
230 377
618 183
734 13
4 793
766 879
42 788
844 201
370 585
42 891
225 437
529 361
235 371
219 620
304 424
108 30
911 292
300 788
333 720
463 414
772 410
430 536
121 904
61 529
883 838
19 220
754 10
689 163
745 695
145 27
221 565
697 761
81 696
840 86
992 606
751 114
680 523
130 482
88 415
994 874
603 757
299 970
11 657
229 210
511 136
116 227
90 213
22 413
677 275
186 918
156 655
693 716
772 766
961 396
160 20
292 254
406 882
379 23
497 168
204 316
932 948
804 469
324 978
274 995
448 217
185 992
262 55
916 699
848 114
142 9
744 316
489 317
484 185
470 316
252 865
627 437
176 388
552 104
96 832
710 886
387 780
932 352
986 149
278 894
710 999
982 581
533 464
192 145
994 87
980 756
616 128
646 523
499 956
847 425
635 393
481 48
935 929
359 340
609 421
48 191
41 751
284 808
795 310
596 508
12 652
647 166
795 261
30 710
666 957
914 905
57 10
757 992
162 170
378 750
395 235
146 129
32 763
169 386
895 570
422 891
532 47
694 578
972 216
335 132
253 414
698 369
246 131
848 938
705 51
568 685
391 394
283 27
339 64
689 676
977 949
523 75
102 854
902 923
315 11
569 809
47 36
242 853
514 59
915 85
580 936
973 162
396 666
891 343
184 322
626 436
420 244
666 139
455 647
408 233
642 911
63 419
1 156
525 800
917 865
307 493
946 436
138 434
80 508
471 50
594 685
720 115
959 947
258 106
642 359
882 353
590 621
291 821
799 754
775 806
544 930
137 174
248 479
852 357
830 682
904 127
846 700
178 326
988 190
462 84
209 366
161 895
857 816
467 531
144 979
771 846
311 962
437 968
848 881
858 822
470 223
80 972
468 927
313 218
870 854
932 237
18 304
143 817
866 642
221 298
507 419
878 451
59 885
735 172
654 167
34 861
498 723
870 594
697 645
531 372
285 283
642 195
381 610
831 170
337 769
725 405
101 951
150 322
180 335
749 689
65 177
579 962
205 478
179 805
78 828
888 644
92 711
251 303
124 30
928 962
721 385
162 75
39 114
136 90
720 123
474 673
406 472
213 643
684 991
16 596
591 79
778 635
111 428
159 934
538 227
372 314
20 86
618 68
64 758
280 324
779 455
187 396
706 966
959 24
318 836
595 863
322 962
444 278
623 155
869 121
465 11
299 365
580 934
808 780
847 13
419 390
693 589
866 1000
746 153
186 651
825 644
439 695
407 78
234 632
458 665
299 776
623 799
519 686
302 614
214 401
897 379
555 985
948 574
176 597
302 727
253 454
78 246
539 998
938 992
879 163
560 433
423 209
559 709
571 545
253 398
350 560
885 903
208 281
56 307
253 566
933 819
341 893
702 457
62 249
550 215
469 338
858 599
764 813
779 415
848 480
794 379
412 876
420 592
890 624
838 88
907 10
265 529
489 313
344 488
15 825
213 634
661 661
437 236
453 774
189 412
358 357
166 402
431 978
995 590
35 244
27 368
840 873
932 142
744 452
36 586
321 385
971 839
462 659
97 835
816 145
782 58
109 5
203 705
96 723
319 434
581 305
223 948
616 940
830 279
299 13
256 967
637 493
595 2
704 125
833 689
936 174
102 536
947 756
695 485
644 987
238 9
102 191
473 525
607 876
686 68
575 916
987 942
682 972
264 797
243 506
659 816
761 64
56 452
418 432
223 679
876 343
486 112
180 374
2 448
447 863
983 430
467 101
581 62
385 680
997 415
94 479
594 418
424 762
94 909
691 284
649 968
538 371
506 726
351 192
899 161
516 97
816 673
332 446
685 502
368 239
368 797
912 727
848 626
931 392
622 700
323 69
793 15
20 385
933 439
385 655
448 119
250 764
727 777
322 924
148 754
844 579
581 459
457 840
532 77
424 554
958 552
259 511
851 159
226 314
506 551
266 274
377 920
639 269
727 503
665 339
150 515
866 783
559 49
636 399
500 866
440 487
280 452
222 296
70 42
132 822
689 188
638 373
732 825
915 195
352 425
836 1000
619 471
485 351
206 461
761 989
914 31
987 880
553 639
194 499
199 573
791 551
203 696
437 118
199 382
517 153
170 966
150 483
881 772
336 826
887 501
203 421
840 365
287 21
891 228
556 563
624 391
538 238
973 754
901 882
103 826
904 650
587 270
355 799
294 181
843 131
40 435
879 958
973 476
615 609
434 340
775 94 35
593 483
185 887
635 405
446 834
118 663
912 401
536 496
355 648
501 413
750 824
536 344
147 531
31 85
428 647
89 638
118 357
290 290
165 580
642 101
145 649
195 642
557 183
134 63
997 215
877 538
585 534
286 369
627 13
120 835
957 213
932 407
89 614
961 199
29 809
909 11
282 477
155 594
933 288
734 383
996 828
930 57
743 66
838 265
920 91
578 857
102 724
755 742
678 790
710 930
154 336
323 205
627 964
794 746
284 764
756 691
985 979
976 662
634 909
263 697
247 798
112 320
182 555
775 91
649 737
460 869
488 388
827 335
759 988
252 742
350 961
926 107
934 466
420 319
555 95
888 380
443 354
678 987
606 184
560 938
350 109
15 339
94 268
946 118
742 449
767 589
694 459
389 98
171 281
923 299
822 146
11 354
435 189
427 933
812 248
826 338
190 916
744 738
15 534
281 475
654 516
718 776
10 628
572 114
337 296
994 894
235 382
772 784
690 654
70 17
447 150
727 98
847 729
237 113
577 126
710 273
436 682
448 563
197 431
814 387
901 570
317 86
594 846
575 52
799 226
227 161
592 959
832 353
232 158
654 675
896 757
506 84
182 493
71 341
243 833
106 757
877 585
365 290
3 913
215 221
534 441
884 718
938 810
188 179
169 592
80 138
206 244
598 316
378 342
282 528
484 72
879 559
945 747
285 824
669 940
288 177
554 205
544 729
795 683
547 113
940 737
212 546
458 350
841 577
328 229
952 267
1 755
913 661
938 1
959 147
690 118
126 650
215 879
276 935
285 576
311 774
881 452
820 812
397 682
566 280
516 914
224 259
494 146
526 285
100 448
203 308
344 309
54 163
102 60
103 209
700 579
851 553
344 858
536 810
597 664
495 828
758 943
999 392
885 458
151 466
155 671
257 833
603 862
664 704
433 806
824 396
83 527
414 955
413 564
353 285
567 442
318 260
489 340
850 672
101 582
788 375
344 491
301 703
680 493
650 554
273 448
980 757
768 531
829 630
107 439
371 453
541 883
662 655
236 335
237 823
236 33
831 670
563 744
713 629
561 771
327 50
483 152
866 70
219 79
143 110
533 289
159 342
594 331
847 416
96 179
951 824
645 369
972 824
643 858
134 856
643 605
757 461
911 87
766 207
586 868
199 140
183 49
710 597
367 270
710 964
237 647
363 626
195 253
1 143
716 881
807 455
804 430
630 996
458 199
273 882
63 452
881 592
535 174
370 550
407 272
183 967
262 53
818 489
492 922
929 728
458 361
790 249
798 673
370 823
217 934
347 951
656 763
648 455
836 722
108 374
936 351
915 25
35 363
830 825
421 487
98 93
477 377
385 9
114 526
450 127
203 684
421 608
76 874
94 950
99 563
915 904
851 814
899 827
410 642
203 405
901 970
86 858
810 411
319 242
311 411
819 905
276 494
3 712
729 971
860 723
839 99
964 192
302 903
139 308
846 637
84 786
573 372
599 425
454 813
737 940
866 573
497 811
71 808
88 246
849 717
41 450
639 494
978 653
818 582
993 361
722 850
89 672
317 458
202 299
690 372
101 102
154 593
183 238
384 912
982 377
845 108
418 311
157 150
381 17
750 529
857 787
282 30
113 124
629 591
514 915
998 176
85 519
95 824
419 536
379 508
137 138
192 948
432 484
62 255
626 216
477 112
512 530
92 455
83 977
331 963
507 717
169 327
99 507
942 125
911 935
417 505
532 82
212 198
125 94
515 652
312 632
12 264
824 874
12 566
479 724
927 985
806 891
623 249
205 368
767 306
526 326
726 258
308 310
254 305
700 34
407 111
166 68
297 648
783 214
742 897
39 264
252 628
144 559
593 28
937 535
678 587
344 841
156 854
194 935
730 286
74 846
758 291
608 800
509 223
78 641
775 75
805 79
985 435
861 600
741 299
627 236
741 887
16 793
478 807
869 921
914 419
151 902
399 400
485 443
399 98
200 914
670 838
524 561
116 648
969 671
232 871
652 678
411 880
665 541
731 304
196 80
361 850
985 786
467 331
709 210
751 273
192 605
798 794
461 350
565 408
609 568
10 68
822 805
263 701
518 928
30 854
334 965
978 679
577 708
470 341
214 622
88 683
463 14
458 372
102 169
708 59
919 630
170 787
36 59
8 113
28 733
676 185
450 18
276 121
845 52
621 388
728 52
13 411
119 753
843 560
290 940
712 27
613 181
431 510
939 689
881 31
324 307
968 908
392 554
719 323
200 922
802 672
772 804
827 644
826 621
569 964
205 659
854 1000
873 654
656 856
367 765
647 663
793 935
211 214
708 396
608 700
547 647
202 794
556 733
860 210
616 920
909 159
22 406
717 456
48 614
222 327
353 943
111 950
323 791
91 200
880 758
791 532
648 703
473 3
988 118
562 79
820 606
311 730
10 98
776 456
63 476
618 734
616 695
945 179
897 456
54 642
51 859
90 750
503 545
710 462
901 937
669 251
655 854
197 472
593 526
210 648
741 272
556 18
351 494
563 839
71 397
297 287
663 751
484 737
857 13
791 199
959 789
16 120
167 140
325 325
361 837
579 75
431 867
532 598
364 957
356 100
251 938
606 357
786 422
309 520
574 113
499 647
182 331
463 857
7 715
164 432
241 567
737 164
17 760
46 141
784 696
52 758
265 506
300 389
502 323
235 735
609 559
705 802
770 982
647 48
890 771
460 112
776 430
43 122
530 433
513 832
434 43
589 444
1000 208
641 729
561 386
465 921
288 60
413 864
907 922
201 994
208 282
339 119
766 275
512 8
564 317
803 638
105 628
165 97
942 154
576 356
925 857
116 144
205 192
81 513
99 349
43 486
801 723
907 699
442 88
440 885
754 157
359 837
590 147
524 400
165 84
320 790
722 620
599 92
846 467
156 778
994 547
393 649
544 703
980 373
593 948
254 476
195 929
151 556
291 788
579 832
619 985
445 160
447 119
621 817
349 485
25 596
757 684
772 355
808 393
701 80
459 421
78 581
918 169
926 426
140 747
321 182
314 76
226 544
415 421
565 844
184 508
847 743
539 999
442 357
905 321
938 733
826 32
708 723
223 610
941 867
21 273
490 977
573 218
958 282
172 969
179 702
826 104
53 589
218 909
695 853
509 79
539 456
887 601
692 196
830 548
187 361
285 645
375 724
373 568
154 540
62 110
204 162
875 683
523 890
194 344
599 604
392 220
608 802
872 827
694 628
502 387
259 961
98 894
86 167
230 551
401 653
717 367
732 36
332 789
433 509
433 52
523 130
706 251
449 765
509 890
491 331
137 80
856 359
729 432
231 730
676 153
326 807
534 792
856 969
573 431
545 455
342 907
658 361
681 973
372 564
431 662
471 315
685 638
228 231
809 431
555 375
317 680
330 285
244 74
598 665
20 676
381 428
274 622
822 960
337 204
40 643
13 610
20 215
717 565
406 255
517 862
165 399
475 462
468 743
932 192
497 40
529 763
1000 490
197 943
0 666
827 82
937 361
797 781
933 806
789 82
231 251
429 24 71
439 729
289 650
956 927
409 106
838 341
204 794
185 890
878 738
429 110
75 430
546 630
341 377
672 386
933 188
233 391
831 271
174 0
695 759
915 460
728 313
356 754
178 83
501 280
210 341
788 647
250 339
943 203
904 397
966 360
606 227
395 446
757 717
721 126
358 562
812 510
49 827
968 880
595 742
59 829
140 859
667 897
658 109
192 522
871 372
218 337
900 997
131 513
796 504
257 461
409 495
730 746
969 879
626 707
432 674
793 927
250 363
535 492
921 525
776 977
733 232
481 155
620 437
882 577
422 679
767 888
684 805
559 522
338 340
344 728
414 868
30 492
102 910
657 7
936 354
992 714
377 379
324 918
800 335
227 373
338 122
866 760
968 990
751 246
915 158
738 612
116 956
262 696
16 834
70 836
896 40
532 322
495 439
870 870
862 558
981 757
266 232
47 564
275 62
422 100
737 10
13 368
739 748
257 956
28 772
146 462
99 941
817 459
835 774
960 459
920 211
843 781
10 785
167 95
958 781
573 111
69 917
65 326
475 412
640 275
414 980
387 217
159 100
978 244
848 627
881 54
78 485
1 131
682 872
295 631
171 684
103 630
747 786
568 160
143 652
475 642
875 652
69 614
376 110
895 589
252 177
135 483
394 802
787 370
192 614
682 906
58 187
935 546
56 127
74 671
658 193
651 450
512 881
311 113
711 848
80 477
57 668
601 708
456 199
953 17
373 950
553 817
77 852
284 680
284 589
274 515
534 395
982 161
664 887
755 52
109 186
950 398
774 383
862 159
968 499
756 89
465 233
445 570
494 897
409 68
991 350
28 208
314 533
291 717
541 670
102 943
521 743
748 945
39 543
239 289
402 457
823 160
44 385
23 530
872 536
235 801
370 444
713 631
2 61
204 842
410 246
26 74
674 857
839 537
314 960
175 146
66 222
571 982
356 42
682 370
487 583
375 700
315 323
337 61
21 37
955 759
394 543
844 883
561 311
838 769
836 438
297 222
88 878
390 111
75 276
776 862
949 578
507 8
246 966
28 860
561 382
784 505
656 314
540 573
174 605
85 146
243 854
369 14
303 492
604 363
898 298
450 890
165 111
587 528
942 931
474 611
194 715
412 28
270 917
204 446
473 381
196 543
833 764
343 2
365 993
408 545
390 326
792 48
429 875
297 41
695 323
502 234
767 971
793 208
418 936
264 835
546 56
511 713
724 685
13 19
600 458
191 648
847 404
63 825
718 950
812 430
37 104
184 651
925 892
912 454
867 29
884 741
106 249
280 211
998 28
218 162
291 434
765 70
834 916
743 326
996 620
347 611
665 712
452 655
57 307
317 305
541 562
580 752
858 576
1000 904
931 186
136 626
703 730
590 388
180 782
146 83
153 254
351 33
985 68
963 62
509 529
745 144
560 421
244 115
595 47
467 409
1000 5
678 317
139 525
832 723
416 188
914 431
37 532
51 730
684 951
520 867
596 641
5 408
350 916
826 320
818 954
177 5
382 596
308 433
909 890
676 42
191 2
442 707
953 870
295 410
646 745
77 188
158 568
492 536
522 9
951 317
423 823
853 96
530 337
262 745
870 86
337 487
28 462
533 209
594 686
152 874
708 51
820 640
203 574
312 935
572 251
388 163
350 852
189 474
890 755
692 816
398 482
935 417
441 502
359 294
233 756
63 313
109 413
695 338
944 110
729 335
416 457
75 902
314 33
69 365
752 838
162 717
378 254
613 68
970 992
908 760
489 99
328 157
205 997
673 816
86 252
994 162
467 973
694 871
821 818
415 171
210 508
477 550
457 74
932 991
102 721
466 240
194 704
284 411
525 215
717 142
903 541
846 305
928 619
294 507
905 797
761 568
828 681
537 759
428 3
587 856
869 194
287 160
9 129
866 734
648 969
739 621
149 525
170 393
35 995
995 499
975 804
364 984
357 460
963 799
673 47
299 98 14
813 803
277 12
866 744
314 520
712 475
309 978
679 664
960 581
250 225
736 760
370 116
669 590
657 853
523 670
142 80
971 10
373 69
359 959
55 687
896 610
992 746
142 314
403 801
292 680
852 897
327 566
279 136
653 512
350 758
963 765
379 939
887 703
728 599
848 384
908 418
966 750
629 793
426 380
23 995
846 120
820 356
434 420
517 116
29 513
930 471
496 387
798 57
574 189
956 877
835 815
508 397
245 108
303 749
513 991
124 166
534 562
909 162
188 396
411 33
929 466
746 354
823 457
958 925
923 66
8 387
907 830
970 443
211 153
572 968
762 447
860 738
56 72
10 128
614 80
720 683
343 733
387 419
865 747
163 395
419 546
525 814
639 804
482 808
31 225
194 563
282 592
197 462
764 600
606 986
209 808
533 610
491 156
523 877
676 84
424 549
336 164
30 837
299 765
621 422
208 647
208 26
885 21
31 831
195 573
377 994
419 643
685 795
875 271
326 482
959 876
109 179
972 852
866 698
600 161
243 184
525 657
794 240
997 389
564 779
745 588
882 249
450 401
572 117
752 140
505 389
186 953
667 920
591 654
132 849
812 904
391 150
888 957
402 602
794 565
310 410
425 288
658 999
593 444
57 972
966 694
590 354
904 219
278 270
957 592
811 270
853 369
549 178
347 697
289 53
584 610
510 616
566 10
550 140
421 883
870 951
576 144
935 368
118 961
16 337
374 501
813 559
319 364
710 642
865 743
584 922
386 902
190 456
651 403
557 404
428 448
0 833
442 39
819 429
114 490
138 377
866 48
694 290
260 114
611 384
245 388
629 855
79 363
642 379
689 784
296 666
737 923
21 425
339 893
968 495
174 697
562 494
564 496
123 245
223 304
44 213
69 582
641 741
161 254
783 985
117 74
417 955
952 419
168 121
36 175
519 117
242 850
556 932
402 343
449 611
84 290
887 78
803 386
303 158
447 863
928 510
463 801
350 454
407 203
327 375
804 749
206 403
506 337
531 851
685 5
839 74
13 479
285 13
416 333
379 619
233 575
342 20
428 461
52 181
267 562
761 225
836 510
98 732
774 375
721 492
95 722
713 320
428 570
779 23
28 747
993 124
19 851
119 428
20 893
829 532
638 276
994 788
533 338
562 348
223 251
113 854
61 994
202 618
740 442
357 310
922 50
70 962
46 250
323 331
309 700
394 685
896 460
571 610
884 689
845 621
490 377
919 512
19 920
911 41
242 915
563 142
220 302
900 582
271 410
119 273
397 263
712 827
583 778
681 303
779 808
175 635
725 332
207 51
151 667
180 277
815 459
487 379
670 913
905 592
525 400
402 739
156 651
960 611
960 762
747 735
720 44
818 93 89
723 340
210 436
161 528
255 811
351 559
271 359
849 393
369 138
307 443
233 696
453 448
587 508
142 998
404 873
539 239
44 397
331 868
592 799
532 193
771 668
422 606
619 23
672 501
153 954
624 136
391 282
416 444
255 681
821 78
167 389
948 26
207 11
406 803
902 607
815 264
216 145
748 908
422 539
286 588
489 640
571 123
887 884
444 64
170 980
24 100
653 236
447 180
442 612
863 407
490 650
112 712
119 779
586 682
344 433
270 535
238 179
942 487
438 537
634 471
558 404
507 363
897 283
57 533
141 578
592 215
264 550
817 631
477 735
671 323
833 367
112 644
551 630
838 137
325 503
755 750
17 32
773 178
917 467
249 10
157 190
64 39
279 452
938 265
975 465
987 755
777 942
579 323
296 660
530 636
259 5
614 208
930 671
157 931
823 177
398 897
26 689
909 386
489 866
576 563
444 136
11 912
325 709
289 626
103 122
58 418
957 446
934 3
949 624
353 430
285 666
430 848
588 6
721 625
859 979
968 556
366 526
639 919
687 9
780 376
44 109
370 142
724 657
506 218
187 136
956 275
456 368
874 136
836 842
891 482
707 78
613 504
76 993
393 981
702 317
367 36
562 480
264 921
610 632
942 523
421 971
687 10
405 802
414 883
797 65
129 684
130 37
697 383
851 95
79 726
217 479
424 61
563 469
594 487
683 950
92 397
509 294
47 588
529 900
410 912
472 500
808 668
194 539
43 628
566 219
284 132
155 374
983 730
632 328
173 292
1000 24
710 454
216 191
402 13
456 389
308 405
420 519
902 234
748 799
207 502
449 215
132 712
991 347
129 869
977 783
494 752
651 687
344 574
494 918
562 675
308 922
768 924
299 111
214 61
745 273
652 654
162 790
262 935
959 778
755 390
508 228
679 20
748 685
350 459
646 487
516 209
414 567
150 673
216 408
300 27
806 684
526 206
893 261
807 282
671 98
663 634
141 928
660 841
874 624
946 604
204 283
339 662
441 500
83 276
651 11
825 488
547 523
777 649
291 675
501 370
619 628
243 206
123 397
38 993
826 295
770 947
425 567
563 903
790 565
408 453
305 368
973 153
538 423
330 622
440 604
426 569
968 746
834 572
355 460
298 793
124 904
428 11
653 467
351 816
924 229
826 242
585 611
533 769
984 480
533 189
707 126
46 771
208 783
616 204
767 483
925 196
838 263
441 862
404 184
97 22
311 81
684 276
672 756
811 413
900 852
106 852
538 980
668 492
678 570
225 606
959 571
562 894
227 90
761 632
476 601
561 816
90 331
611 59
984 881
405 295
295 714
516 588
164 424
483 161
539 42
769 897
706 833
450 433
349 778
661 162
617 550
824 386
456 648
188 922
250 174
421 239
517 97
477 495
683 768
522 632
319 903
77 94
557 787
640 478
693 563
16 913
874 433
771 291
904 993
926 667
499 984
455 252
875 112
371 126
715 646
879 281
155 399
902 466
860 789
106 775
987 412
992 391
911 397
762 525
295 36
10 445
676 247
665 392
637 965
301 318
940 907
978 371
192 324
627 648
772 117
789 596
474 914
81 461
697 249
61 192
164 408
508 968
37 804
200 556
441 763
65 412
851 853
912 615
343 905
516 704
424 433
629 593
588 958
834 835
223 227
385 411
119 898
704 885
947 409
838 345
265 50
34 531
73 540
822 405
855 138
296 752
652 431
802 139
543 810
752 808
999 877
514 111
726 719
263 76
516 109
236 182
206 777
559 154
657 42
729 513
280 997
853 495
59 835
99 151
849 149
133 753
624 150
994 408
123 774
70 873
467 147
398 5
214 119
495 319
933 461
748 149
815 454
369 740
746 920
395 817
35 379
668 225
452 490
100 386
276 312
722 96
824 727
752 58
694 103
97 646
266 745
472 873
801 139
412 340
832 195
538 481
573 48
355 352
918 325
108 501
108 610
629 325
25 188
980 870
648 946
187 259
451 175
647 968
594 661
607 419
169 127
742 221
8 354
665 649
343 904
320 710
154 411
494 680
575 995
151 333
353 28
743 549
60 61
997 661
85 675
314 641
537 793
770 159
563 767
408 876
123 233
18 783
85 61
152 418
517 256
450 779
165 324
492 681
790 22
205 690
207 701
131 375
188 458
594 709
964 361
18 646
641 220
600 734
644 858
439 879
705 534
285 89
801 656
437 824
886 155
726 740
997 883
215 482
315 897
49 173
342 772
85 974
644 175
412 654
574 14
169 269
549 361
466 381
295 931
469 638
647 834
583 626
18 973
97 88
349 520
952 422
108 679
13 744
316 544
127 307
753 560
631 16
283 800
569 647
492 792
513 689
896 793
738 367
960 890
716 722
686 277
463 208
639 60
961 983
548 533
91 464
686 160
176 726
902 493
593 261
690 374
239 229
842 517
90 62
469 484
665 929
232 733
994 800
906 570
97 10
775 813
487 663
127 238
454 383
528 963
251 126
807 703
192 596
244 687
56 28
453 629
264 276
360 914
174 717
502 700
383 553
541 855
140 260
583 606
490 584
713 267
174 55
373 814
266 218
189 316
476 846
207 476
418 264
404 134
490 725
42 766
220 175
928 12
475 999
671 174
390 176
615 187
510 386
337 199
768 254
621 556
421 91
385 768
555 453
155 975
481 402
448 88
498 768
80 373
347 969
231 910
413 694
156 980
671 174
925 651
547 988
597 452
919 85
201 970
222 371
706 626
616 706
905 74
262 346
169 278
707 975
192 583
526 114
546 33
397 385
256 366
513 406
26 750
969 691
872 848
527 958
221 52
309 210
669 181
945 444
8 470
745 164
900 832
527 67
520 845
663 220
49 804
370 157
641 142
524 791
62 676
133 39
707 208
304 254
598 207
495 524
753 915
65 801
540 890
210 276
724 546
135 613
119 354
528 291
413 126
441 598
408 250
316 240
706 147
448 709
421 588
314 632
702 343
849 94
634 201
662 506
539 807
295 343
811 821
571 744
449 466
778 799
911 200
404 918
611 88
562 107
405 799
5 343
745 651
237 454
469 56
635 951
410 569
427 171
852 627
110 167
300 817
394 601
586 623
67 200
0 893
182 132
245 901
604 203
365 354
298 255
206 983
371 875
650 823
706 523
865 32
930 348
804 76
807 989
459 329
635 444
366 252
609 123
980 353
647 561
866 796
948 112
515 735
707 86
353 960
369 811
902 983
662 630
237 761
667 28
903 560
556 288
227 205
36 834
145 938
334 60
353 564
391 38
304 356
500 597
601 98
318 817
252 789
665 805
749 738
205 332
481 84
816 258
65 646
723 995
117 637
740 508
448 414
362 702
612 272
196 951
70 536
725 894
123 460
715 651
475 902
206 754
6 917
436 506
657 934
116 693
279 82
268 875
346 749
39 961
998 901
343 893
291 890
347 170
61 306
259 121
568 475
977 693
72 576
942 346
308 402
178 312
498 42
527 926
208 459
641 895
515 793
945 895
905 659
71 843
86 889
506 289
2 33
868 669
894 930
132 476
765 714
609 67
732 831
239 564
970 480
907 851
584 15
73 214
543 274
576 302
815 226
582 643
949 525
615 907
543 640
135 950
363 228
420 695
953 478
247 536
0 392
869 788
901 633
35 842
611 746
925 651
485 957
711 795
361 241
968 242
128 440
300 536
345 486
544 629
198 60
255 923
907 325
687 994
280 846
618 85
44 415
640 523
759 192
622 405
180 85 80
227 726
350 754
205 782
139 959
756 173
283 167
161 969
908 788
910 847
900 13
465 451
659 238
660 462
56 5
554 98
717 868
839 23
358 734
640 261
162 901
492 853
89 687
334 402
215 858
445 56
884 733
205 403
773 138
0 649
492 956
589 264
320 166
710 209
55 279
209 896
70 366
882 940
669 684
492 963
387 603
773 486
143 987
346 543
560 541
666 45
558 176
146 780
349 439
151 396
647 755
902 485
794 640
996 832
220 308
691 559
526 836
27 342
739 236
841 605
577 470
504 913
832 260
602 802
875 675
660 463
525 546
86 336
100 378
403 240
105 30
535 6
472 21
260 153
327 926
765 971
284 344
734 616
906 156
964 568
68 757
60 527
658 790
407 659
109 19
510 165
86 368
849 199
932 518
283 124
867 728
464 532
722 211
470 361
524 769
362 441
742 778
279 538
326 736
185 678
33 677
922 245
932 866
314 883
638 113
715 95
821 858
444 576
989 522
989 26
597 456
446 553
550 511
685 167
628 467
287 760
840 606
12 438
531 432
848 202
411 241
484 992
832 694
10 937
339 656
207 156
663 732
799 547
698 328
982 926
296 427
691 706
622 997
37 193
719 805
226 142
103 722
577 377
760 410
225 772
801 148
945 381
570 262
203 353
446 311
163 853
217 334
511 327
52 37
273 851
706 831
937 440
397 764
186 951
34 386
136 97
67 350
853 319
515 278
898 353
605 350
105 733
450 907
335 431
515 413
692 780
299 118
846 284
772 64
915 501
526 361
826 640
911 320
601 912
748 471
611 319
290 448
398 682
308 107
763 203
878 689
590 719
186 39 47
673 504
632 300
671 90
61 725
935 570
616 620
912 583
376 200
584 710
245 254
426 609
628 557
406 659
984 466
154 79
713 329
175 631
133 720
512 233
527 18
183 930
136 345
222 214
240 767
155 678
390 742
335 62
457 964
343 67
717 83
124 312
555 787
285 727
313 789
606 731
327 130
127 665
265 425
671 852
974 42
68 978
958 127
300 486
764 145
399 617
626 846
532 451
469 155
249 943
272 441
166 320
995 860
272 543
677 120
693 781
603 288
478 914
710 88
750 544
644 852
440 456
592 746
382 75
642 345
779 424
792 439
304 830
465 522
849 724
733 883
90 12
216 510
775 1
584 203
997 111
493 35
567 511
159 123
161 190
805 694
514 376
196 522
661 999
197 287
834 801
445 400
387 920
557 245
878 704
667 347
781 985
115 686
156 419
51 338
823 428
453 946
885 494
896 551
628 686
989 392
110 908
801 728
737 121
562 885
987 387
548 828
904 129
901 659
409 234
598 817
520 944
997 243
12 186
861 78
785 566
526 896
243 684
748 378
581 267
532 180
350 272
552 46
202 518
493 752
284 981
928 33
118 924
670 218
693 655
643 660
632 370
416 223
50 463
864 967
22 320
341 865
478 355
607 331
40 736
750 122
345 221
200 44
566 712
762 639
494 124
941 675
348 121
764 589
668 518
806 867
542 666
523 757
739 436
230 598
742 180
671 100
657 977
331 766
654 919
196 132
524 696
536 258
464 78
222 184
929 472
665 420
431 721
901 332
154 146
479 10
603 592
16 801
567 383
332 564
627 635
602 171
182 190
114 667
238 288
188 348
210 878
624 246
654 742
68 382
300 285
216 232
276 928
597 65 48
39 858
486 410
836 833
463 980
158 233
450 327
399 657
573 331
110 912
797 233
215 627
343 205
257 882
538 528
235 947
803 759
274 566
572 716
598 158
276 241
843 713
64 189
758 362
605 866
145 197
981 365
866 282
74 89
86 606
667 674
341 293
32 34
477 311
378 125
902 978
33 702
82 325
896 428
696 394
759 38
437 707
803 498
360 911
935 44
299 644
678 448
744 340
424 729
386 901
299 141
127 907
367 457
509 827
75 578
310 72
471 328
164 144
970 875
829 687
301 779
559 422
898 891
852 367
342 241
304 696
683 416
759 258
286 755
202 273
620 43
214 61
254 236
507 840
693 557
488 987
954 764
973 641
189 105
232 51
89 64
336 365
33 766
505 995
379 756
578 296
427 261
87 907
245 845
436 441
351 433
425 677
469 326
158 854
586 304
153 871
358 819
132 951
333 896
133 71
442 244
660 772
716 611
13 302
120 768
662 329
272 488
468 816
939 901
213 392
809 803
26 349
262 244
443 151
400 601
664 719
826 755
434 949
912 317
273 941
124 395
132 926
813 885
896 589
759 56
370 875
181 420
799 751
482 925
511 241
395 329
826 185
280 541
963 588
322 467
609 38
959 430
591 72
731 411
52 791
523 675
557 470
802 836
983 515
787 279
149 818
858 884
889 527
243 373
761 443
531 671
418 220
11 711
643 827
836 679
269 16
307 651
124 413
538 657
767 892
12 587
653 168
758 413
435 568
108 738
154 441
627 314
726 412
37 7
279 886
134 967
254 939
541 912
824 824
455 141
102 171
229 589
826 795
456 835
793 467
213 163
944 550
142 773
213 148
596 980
526 982
938 441
462 210
161 347
722 273
368 150
531 698
303 44
918 87
864 492
982 508
44 875
679 816
503 41
212 652
430 715
499 563
835 160
301 354
337 44
254 330
835 988
41 428
322 362
25 747
273 682
627 706
45 417
500 991
384 792
907 339
803 815
509 21
560 62
362 979
402 870
427 837
985 56
441 101
390 284
200 80
365 875
218 166
685 419
812 237
251 185
277 160
342 924
949 508
263 87
935 636
995 677
467 647
706 688
101 343
541 948
676 270
880 935
450 885
614 51
205 227
879 538
112 741
309 289
877 80
434 320
873 972
109 494
278 94
470 976
376 994
749 770
641 588
228 167
427 375
536 446
329 662
897 466
699 171
36 306
772 519
409 800
378 171
325 908
474 586
429 560
90 310
500 115
957 67
647 815
915 143
912 16
720 208
397 50
33 847
487 223
34 556
310 654
66 392
198 833
703 713
262 428
687 500
102 230
636 651
877 241
507 5
52 467
525 353
596 126
39 499
266 164
668 399
97 172
283 572
679 691
248 565
727 20
677 113
279 466
989 915
844 887
267 428
427 551
624 311
271 693
967 988
272 366
881 314
272 748
541 464
619 986
657 886
621 140
836 769
349 12
17 603
247 606
813 974
910 676
219 300
185 684
20 69
501 590
746 247
724 572
202 548
624 935
680 874
122 279
313 490
741 87
736 226
319 462
586 212
702 999
728 629
46 164
703 701
691 377
326 283
43 662
432 600
3 962
485 87
803 592
891 860
245 443
487 798
191 330
3 490
26 221
819 606
804 888
604 844
833 921
176 420
939 928
137 232
298 731
692 539
689 151
301 400
608 798
268 638
56 786
596 830
19 347
181 535
970 228
597 111
533 869
609 347
475 320
197 830
175 841
852 670
798 487
308 725
416 405
943 349
743 763
295 762
523 989
127 431
552 327
604 398
235 818
928 72
614 261
340 467
820 907
93 85
453 252
179 241
580 994
115 241
426 968
691 955
460 954
360 709
292 440
430 184
146 778
250 246
262 508
430 645
790 1
904 134
202 41
299 303
288 937
430 106
288 693
858 293
422 44
471 788
460 818
88 260
969 474
217 567
590 844
195 39
137 876
957 441
855 534
862 947
159 95
951 866
571 499
417 84
708 951
501 532
2 74
699 424
295 889
209 675
327 927
802 454
177 702
305 528
518 316
432 106
260 136
719 412
892 201
392 477
961 37
216 886
539 920
89 91
314 872
118 847
544 644
384 12
100 395
272 536
672 180
533 222
296 75
966 823
356 126
741 692
995 984
70 725
174 970
117 123
168 569
154 714
231 1
883 583
347 824
416 852
551 656
746 289
776 273
754 525
398 229
414 901
22 207
550 503
814 460
438 614
312 995
700 889
984 864
582 100
915 480
442 217
730 342
588 788
4 841
198 911
741 243
447 120
601 902
862 46
893 30
403 994
544 660
321 335
116 402
508 530
862 388
211 172
301 372
631 198
219 466
88 396
901 1
2 304
461 0
10 200
142 873
245 453
218 980
229 496
443 827
103 519
324 916
530 855
121 149
268 980
811 528
166 456
203 1
349 347
185 982
170 707
208 932
688 572
427 943
878 178
210 792
611 444
222 231
716 992
833 365
853 78
236 683
95 591
813 579
22 253
151 33
115 284
699 290
1000 851
577 758
222 898
126 368
434 810
385 796
243 115
61 449
799 159
429 360
783 195
140 812
495 298
109 223
610 622
787 13
470 454
508 398
852 741
350 626
965 244
25 283
668 654
928 626
570 39
201 791
289 933
639 943
430 382
960 928
232 570
474 584
319 967
402 860
177 281
868 365
438 487
620 660
178 177
392 271
902 800
983 600
625 893
858 67
237 38
28 352
389 29
217 118
140 97 64
15 721
440 266
296 112
580 158
668 412
95 439
543 73
701 482
735 760
379 292
612 848
922 861
718 363
664 268
227 905
983 75
565 289
733 532
329 419
146 995
603 167
535 998
572 692
50 665
389 440
676 726
71 463
424 361
329 55
386 895
168 430
559 454
259 138
108 369
972 287
973 917
872 160
707 336
644 160
925 784
677 7
575 543
859 728
711 559
636 354
863 147
379 134
215 436
182 605
748 712
263 32
283 508
323 21
391 392
355 688
150 296
913 795
768 805
508 340
671 951
56 876
349 58
764 110
21 765
893 555
226 377
285 828
491 56
803 427
364 637
283 481
910 794
705 461
995 521
340 599
416 98
908 318
458 688
754 400
668 73
58 850
694 804
477 678
21 235
41 374
833 54
980 339
169 682
416 699
777 236
298 855
808 320
403 749
894 425
475 991
792 833
994 697
318 956
789 877
282 112
758 956
234 252
407 302
460 617
554 1000
807 94
910 798
983 514
470 600
171 411
848 790
584 156
705 673
957 512
861 551
457 98
761 334
336 798
966 171
867 643
154 638
263 314
192 807
463 306
462 929
466 940
266 592
11 171
297 169
426 501
784 509
83 752
741 469
921 654
589 57
773 380
399 506
531 648
94 803
168 834
256 885
4 60 10
100 100
90 100
110 100
100 90
100 110
379 65 82
851 168
29 326
297 589
667 866
600 465
79 892
801 917
871 436
493 381
869 344
322 913
695 458
573 36
468 370
336 525
986 908
9 331
31 525
575 809
554 448
23 644
594 548
235 392
971 959
375 62
53 894
150 623
400 628
72 176
857 377
465 614
562 850
129 837
166 856
501 979
691 735
582 413
201 1
323 125
237 500
565 7
117 43
38 46
252 746
772 578
209 563
221 555
127 230
816 698
604 829
468 682
886 841
741 959
504 248
513 914
347 532
578 188
627 348
506 774
347 671
757 383
127 42
939 133
932 802
224 864
972 142
579 310
765 108
449 253
253 768
778 365
482 417
274 75
841 123
298 297
688 609
158 125
925 561
766 968
26 767
680 771
506 611
926 839
63 834
44 327
617 794
323 26
640 813
452 501
640 155
398 387
24 187
912 687
905 507
636 762
712 685
173 373
835 632
134 291
118 417
510 728
394 124
676 462
753 157
479 925
450 875
778 224
42 610
342 631
162 156
674 501
487 661
266 200
37 314
538 643
250 127
917 980
751 651
508 933
279 201
876 317
476 906
301 44
610 367
131 431
342 437
685 410
614 416
406 52
786 809
752 855
704 491
317 772
166 906
711 129
152 659
527 750
660 61
241 545
125 87
40 679
704 879
413 769
73 505
857 237
269 221
126 762
211 570
347 138
843 11
317 178
568 383
925 242
567 280
465 867
383 186
887 983
645 238
611 929
808 976
750 769
836 195
845 610
11 617
815 68
577 937
941 101
229 428
429 793
472 84
935 236
721 787
532 711
841 281
703 280
490 47
975 884
53 428
408 370
774 102
666 780
711 468
488 599
906 855
822 481
987 342
415 262
895 884
248 133
550 743
128 332
920 265
387 716
482 745
624 833
497 966
879 542
786 349
148 693
777 405
482 380
442 100
331 702
282 507
25 420
286 41
450 618
24 733
448 952
826 629
71 134
178 70
987 14
232 443
373 848
428 24
717 196
343 524
853 457
845 610
615 275
55 609
928 369
619 386
385 328
604 580
150 558
250 317
941 687
201 410
954 363
114 673
871 947
10 802
740 734
907 298
601 559
676 213
326 657
112 936
228 802
672 282
250 22
458 404
310 633
688 258
474 272
534 432
477 510
598 567
699 80
71 951
344 86
285 381
839 751
727 117
556 963
723 620
835 382
228 977
0 977
134 192
74 390
353 313
92 227
394 862
725 251
859 318
899 670
445 506
358 469
392 457
129 925
246 203
720 760
98 788
829 514
48 326
749 720
984 551
60 86
279 140
413 532
218 391
682 704
740 478
960 440
276 936
689 225
245 106
924 512
948 659
98 838
397 672
398 482
856 547
471 164
652 342
38 74
98 554
507 521
761 713
758 829
527 700
921 523
244 892
285 966
36 830
351 39
507 256
656 201
249 523
425 597
999 343
104 49
675 932
834 214
179 970
270 365
715 220
179 376
418 35
493 761
677 632
109 461
23 360
275 853
362 392
562 85
258 794
137 204
568 111
752 577
252 886
36 769
107 714
126 583
867 741
960 856
181 244
82 127
563 504
319 161
214 177
734 881
995 770
275 710
517 742
139 21
976 892
571 376
634 72
216 946
724 755
873 180
612 844
562 499
747 403
393 716
342 602
524 966
999 599
888 797
744 492
135 25
494 316
998 385
122 58
416 747
916 343
167 562
42 582
957 140
250 24
656 237
19 794
480 933
691 843
785 607
229 148
246 50 60
517 448
421 381
91 867
392 212
907 351
911 375
124 123
715 200
705 361
516 387
731 739
124 285
348 879
95 879
175 187
204 504
979 785
122 512
274 681
875 332
315 344
305 801
431 437
456 819
311 181
93 616
631 370
380 618
561 98
18 154
431 636
783 580
376 998
687 397
811 264
497 518
6 445
198 773
285 242
939 629
641 493
946 277
548 752
657 183
872 447
329 203
832 811
394 766
583 857
701 507
914 105
924 598
485 903
603 366
523 598
910 1000
690 806
140 358
136 862
243 523
2 852
522 448
206 140
582 100
261 507
520 171
820 950
539 309
161 694
682 164
245 134
761 961
856 716
52 829
972 761
679 782
334 75
182 419
461 727
345 415
277 922
995 376
997 127
991 595
6 391
963 297
357 493
971 407
758 675
865 645
911 59
152 900
52 883
439 365
407 550
57 903
475 644
53 311
165 875
838 244
400 697
971 911
599 675
713 479
901 630
396 188
680 400
889 370
153 332
86 96
525 920
776 866
813 102
807 25
125 361
13 60
329 307
810 423
778 766
438 387
66 938
777 973
174 681
628 210
935 909
989 964
594 4
173 649
532 70
366 946
273 478
291 373
363 47
13 852
107 459
216 679
783 261
216 313
116 164
407 678
512 471
524 901
893 573
52 717
146 763
379 638
233 5
98 34
215 96
999 949
164 125
191 947
740 27
661 571
230 104
460 714
63 982
333 826
477 386
822 380
935 260
346 847
832 272
209 359
558 709
285 20
201 709
352 711
506 563
270 659
609 999
193 958
768 356
981 269
833 308
788 674
295 845
992 812
136 656
278 783
313 891
291 552
366 152
681 979
600 380
450 908
63 62
869 879
152 218
924 369
842 713
244 758
289 982
59 813
452 746
686 239
776 907
970 506
17 334
0 919
208 889
491 126
614 500
656 487
421 63
944 113
67 459
739 721
325 444
462 466
469 657
460 630
575 935
942 261
769 836
302 871
859 627
610 383
449 176
124 21
52 504
653 439
681 470
200 810
768 412
824 637
587 322
29 974
445 379
896 937
184 435
795 614
162 80
884 201
147 121
294 405
807 19
293 633
114 994
233 945
896 475
198 812
529 107
809 199
730 668
358 538
735 746
322 34 70
504 404
753 152
833 729
424 728
437 717
226 497
659 335
803 177
341 622
178 944
299 576
331 642
629 705
397 261
204 450
378 289
263 970
896 569
810 453
353 856
141 532
752 356
89 969
953 88
857 717
570 934
816 563
17 922
940 417
141 952
303 640
214 19
464 610
486 370
404 26
975 962
819 652
562 491
975 212
544 186
854 371
894 353
188 78
568 662
567 832
317 110
610 269
940 499
126 887
290 137
966 811
272 428
874 47
728 415
398 190
687 973
32 10
776 440
861 381
389 534
911 91
502 210
92 575
243 820
397 563
479 917
273 783
642 141
847 696
852 176
612 257
235 132
94 484
12 22
387 561
734 670
338 86
517 69
786 44
332 416
970 453
315 339
715 664
886 278
992 705
692 598
984 107
751 242
187 843
708 83
617 724
622 754
887 178
410 733
293 688
173 300
595 82
974 443
8 830
488 625
985 392
181 131
757 169
631 128
372 695
916 868
285 269
387 581
921 881
621 574
302 822
98 763
352 949
771 76
145 240
574 494
698 540
908 878
255 513
54 363
372 581
890 775
645 184
84 562
698 403
618 23
337 687
982 290
979 355
202 459
485 358
661 771
49 369
504 969
383 275
139 899
69 343
381 591
550 719
40 368
395 68
12 117
578 926
880 295
533 215
205 397
572 546
8 595
178 731
466 384
616 816
20 632
872 199
172 172
66 992
658 677
654 283
274 316
293 653
178 409
80 716
728 505
120 197
843 84
562 647
585 313
785 532
915 939
551 247
578 12
322 626
838 176
119 154
152 677
721 489
122 165
210 937
5 510
211 773
176 140
830 605
18 834
878 88
982 271
638 248
71 64
920 400
747 383
385 305
646 226
427 25
154 454
623 594
683 486
327 191
534 134
15 846
826 543
137 191
521 177
694 761
42 552
640 29
287 756
465 400
801 221
454 235
692 718
882 57
686 256
629 984
545 136
617 60
610 143
415 585
208 784
798 938
3 814
389 819
709 688
147 415
52 602
203 379
835 236
665 76
888 388
278 119
698 740
55 206
69 300
761 385
5 645
39 970
781 122
774 481
276 665
88 142
522 401
713 41
551 524
456 672
270 72
789 224
857 789
61 421
347 286
870 508
208 449
976 27
924 642
719 343
858 321
228 218
860 984
741 802
539 36
446 699
31 47
706 294
45 663
204 400
174 96
737 429
165 261
289 814
164 562
72 604
207 904
226 722
582 907
45 867
556 434
744 191
937 561
737 415
207 870
645 549
979 503
925 911
462 436
173 618
884 248
155 790
57 921
802 990
578 984
173 984
909 304
417 378
391 654
107 181
698 476
790 675
102 919
189 72
465 689
349 231
710 429
789 969
258 865
709 444
814 944
98 714
108 437
280 852
394 106
760 505
364 796
542 322
856 612
470 37
124 892
567 976
263 695
157 928
594 742
651 294
774 407
659 524
946 77
761 458
406 708
229 742
820 63 9
835 143
919 748
124 476
708 375
202 811
827 951
680 965
83 845
143 200
854 107
755 625
712 311
982 288
860 785
155 269
562 212
594 146
184 995
904 766
7 449
688 726
627 326
762 242
2 964
964 616
464 563
131 721
264 398
209 846
541 645
401 568
318 150
824 95
999 314
255 993
754 385
401 792
709 334
391 87
915 11
29 653
223 905
299 706
979 745
939 700
183 172
246 189
553 485
167 41
473 516
683 126
282 1
299 959
759 931
433 492
473 784
923 690
448 583
379 962
935 897
664 21
297 124
278 835
415 271
132 955
455 905
84 221
462 656
605 244
322 557
109 695
206 768
606 593
641 333
688 954
313 857
635 177
971 420
696 802
890 603
53 748
361 693
555 646
664 543
566 600
964 351
35 356
131 867
177 68
411 520
186 842
913 510
405 811
621 57
862 392
806 938
531 165
936 223
848 933
398 411
135 853
776 358
471 872
69 552
588 937
893 123
916 73
865 403
458 963
883 470
717 960
171 309
873 26
732 108
478 556
993 235
175 950
761 911
178 155
836 959
67 989
277 824
323 581
235 968
864 392
78 849
562 842
118 856
414 475
117 777
243 754
226 953
662 945
731 957
262 76
190 456
809 948
435 666
763 722
309 675
753 898
710 9
313 43
242 294
77 89
238 243
213 418
581 844
602 225
351 816
841 681
619 807
466 193
837 609
861 191
57 452
679 889
219 800
101 931
822 617
617 543
272 461
532 749
561 929
481 603
823 55
726 401
272 971
214 38
609 511
64 668
689 563
261 712
13 276
280 345
727 382
409 60
406 598
455 169
241 139
34 258
786 103
994 518
369 748
110 275
34 264
464 32
242 807
583 218
510 606
243 235
963 434
697 776
444 288
571 653
96 206
20 446
245 159
978 376
854 11
215 336
320 49
796 200
839 891
537 195
987 495
63 885
52 156
699 250
862 817
784 397
407 303
527 349
58 101
886 335
258 0
670 884
207 770
781 355
722 383
741 256
849 867
687 465
574 821
240 744
61 312
834 783
256 582
808 71
475 388
502 369
691 155
617 47
835 241
843 954
774 463
29 403
589 188
276 364
110 363
380 150
577 17
485 787
632 759
927 127
281 673
542 504
303 218
728 846
289 971
655 375
909 282
643 192
573 62
193 155
330 134
914 530
359 291
930 841
668 186
852 384
653 559
453 672
67 482
133 852
840 899
309 334
534 278
710 584
670 705
661 597
513 292
136 808
95 956
738 527
835 14
22 345
437 940
987 938
388 849
717 181
368 969
633 975
58 941
13 496
75 738
371 331
156 44
196 717
693 830
696 384
498 998
146 990
801 233
644 2
535 533
388 271
175 69
221 705
541 306
708 262
643 666
612 775
259 417
191 192
467 990
311 278
928 553
998 809
197 595
564 738
20 366
652 267
190 496
114 570
967 350
303 959
192 121
713 370
696 282
658 350
368 129
631 101
908 277
442 490
562 743
700 709
208 833
532 956
90 105
320 158
716 646
754 53
552 6
166 175
725 785
140 359
25 805
975 968
629 681
623 328
797 274
836 588
58 420
852 180
242 718
308 677
906 544
759 127
441 897
600 672
802 892
462 20
804 993
778 699
73 368
476 767
877 855
41 763
439 108
832 937
863 913
951 871
406 580
838 661
62 385
388 115
421 521
604 256
59 41
513 151
502 802
336 988
273 175
898 927
962 577
172 952
780 65
85 232
616 169
486 35
930 637
470 343
455 582
505 12
404 916
294 927
550 885
171 10
53 125
892 346
385 600
505 563
724 810
193 297
363 892
238 753
355 411
116 324
480 737
937 139
115 230
490 984
907 56
708 506
681 802
877 3
193 575
528 343
663 206
369 572
159 7
348 966
873 429
554 990
507 520
522 276
404 992
605 998
657 804
338 844
272 740
318 116
918 747
767 435
136 720
177 137
350 657
523 43
388 818
397 573
710 776
709 927
480 113
149 566
457 433
884 388
656 60
91 590
998 904
182 622
946 194
29 116
415 154
845 687
775 119
670 774
867 651
162 905
494 664
550 804
318 493
760 938
700 748
43 719
844 304
294 919
237 550
194 778
187 537
55 126
793 79
195 318
220 255
254 629
882 124
125 912
2 390
723 3
222 543
947 332
239 856
421 136
696 938
972 394
261 857
518 34
862 167
401 571
417 64
949 651
586 506
357 217
504 775
467 538
282 455
385 730
935 138
406 541
422 832
477 773
461 250
967 418
595 496
467 312
828 681
826 213
845 30
903 771
348 496
165 777
43 940
456 370
512 403
454 593
888 962
807 424
836 508
673 950
574 242
832 7
951 344
715 971
375 294
708 732
10 426
657 983
747 766
332 347
630 370
880 277
681 486
208 493
23 664
724 387
228 698
692 142
111 17
817 371
424 608
975 184
643 975
620 384
512 372
456 66
249 153
177 615
104 189
168 557
574 342
21 537
225 276
938 74
200 13
540 492
92 901
110 255
464 81
827 662
595 983
171 334
135 27
179 437
275 105
354 556
78 718
136 838
856 628
418 927
665 365
329 128
915 563
64 766
741 97
24 843
865 440
968 771
217 766
541 540
639 99
594 688
708 381
815 908
577 284
869 343
175 569
812 408
261 130
549 801
902 734
783 305
830 149
397 322
879 2
669 784
619 429
978 378
46 619
560 131
309 79
511 328
303 833
343 592
962 883
10 828
43 433
107 182
75 453
540 497
782 643
541 563
481 340
461 172
71 160
712 466
890 72
982 713
57 294
100 55
645 285
43 450
714 660
280 432
988 548
668 188
145 755
709 506
65 28
883 811
21 341
978 188
278 518
858 999
194 812
195 143
928 180
161 691
849 439
227 64
839 958
402 570
200 984
822 481
294 642
873 943
517 568
990 416
923 723
311 621
90 940
745 668
383 406
509 623
684 80
873 809
461 919
490 134
631 905
351 237
907 479
283 389
259 48
497 410
809 311
557 353
633 3
161 310
41 31
514 588
160 885
944 497
16 105
442 524
666 375
986 99
692 999
59 625
987 186
140 45
810 165
139 656
230 67
197 880
155 219
882 244
0 506
775 687
348 702
762 597
881 929
908 880
839 333
183 68
921 106
154 708
757 191
553 637
978 361
977 14
736 999
783 278
220 646
885 732
932 521
981 705
422 142
68 836
896 236
290 571
128 159
135 168
989 124
727 221
77 455
95 203
361 742
817 674
764 49
994 570
675 446
390 482
538 91
106 634
83 514
759 455
361 481
465 888
757 809
875 856
164 149
530 891
857 664
399 529
934 694
771 421
955 220
489 583
910 495
372 62
488 160
46 174
869 498
506 344
38 557
432 223
994 99
857 698
433 956
235 904
27 103
591 742
821 7
73 588
476 587
684 290
604 756
694 341
855 1
839 451
724 320
359 648
945 564
781 989
331 428
773 509
231 567
724 831
390 301
193 894
877 542
303 1
558 622
772 681
929 306
515 779
280 11
45 839
911 423
437 601
734 415
493 306
194 117
541 181
151 715
962 54
640 187
560 830
48 830
152 993
877 899
230 417
326 142
456 441
148 343
841 770
972 308
305 594
126 862
82 928
649 184
395 539
330 751
782 170
559 117
735 689
477 468
97 63
90 129
226 236
173 411
84 254
860 119
769 808
783 356
17 645
170 399
998 801
281 697
312 743
544 381
605 159
686 83
769 82
582 196
208 237
351 347
50 170
769 150
463 82
515 806
769 492
4 60 10
100 100
80 100
110 100
100 80
100 110
2 5 6
100 100
110 100
110 150
2 5 5
100 100
110 100
110 150
2 5 4
100 100
110 100
110 150
10 5 4
0 0
0 1
0 2
0 3
0 4
0 5
1 1
1 2
1 3
1 4
1 5
3 5 4
0 0
10 0
10 70
20 70
