8
3
30 20
50 40
80 30
1
10 30
8
20 500
40 800
40 1500
60 2400
90 3000
60 3800
20 4800
90 5300
5
10 40
30 30
70 20
80 10
90 25
4
20 60
50 20
60 10
85 30
7
60 200
60 350
60 410
60 470
95 550
5 930
5 1280
4
20 40
40 30
60 20
80 10
3
10 60
50 15
90 20
7
30 500
50 710
70 750
50 980
30 1150
30 1400
50 1600
9
10 30
20 15
30 28
40 32
50 10
60 43
70 35
80 20
90 21
6
5 10
25 5
35 12
55 23
75 30
85 12
7
15 300
15 1000
35 200
45 1200
65 950
95 1500
95 1650
6
15 26
19 24
20 16
60 20
73 11
89 38
4
16 15
50 9
80 2
99 8
5
5 2300
30 1000
70 1200
85 3000
90 3500
5
15 40
35 20
50 45
70 30
80 10
2
20 3
60 4
4
10 1500
10 1800
25 1900
90 5500
5
15 40
35 20
50 45
70 30
80 10
2
60 4
75 1
3
10 2200
18 1800
90 10000
4
20 20
22 18
24 16
26 22
2
21 3
23 2
5
1 900
21 300
23 390
25 550
99 12000
