160
01000000
11110110
10010000
10111100
10010111
11001100
10110011
11110011
10100001
10001000
10111000
01111010
11011101
10000001
11011110
10100000
01100111
11110101
10001011
10000000
10100110
11011110
10011110
01011101
01011010
00110110
11100110
10010100
10111000
11101001
10000100
10010000
00010010
00001101
11110101
10100110
10011011
10011100
11101000
10001010
10010000
11000110
10111111
11100011
10100000
10110100
11101010
10010001
10011001
11110101
10000110
10001010
10011010
11010010
10100011
11101001
10101100
10010000
11101101
10000000
10111110
11101010
10110000
10011001
11011001
10010101
11010010
10100010
00110000
01101101
01111111
11110001
10101001
10010111
10101000
11001111
10001111
11101101
10010100
10000000
11110100
10001000
10011000
10110010
00100110
11110100
10011101
10011000
10100110
00111100
11010110
10011011
11101000
10111001
10000010
11001010
10111100
01100010
11100010
10110001
10001100
11011111
10001101
11010010
10101100
11110100
10000001
10110000
10001110
11101001
10100001
10111001
11010101
10111000
11110001
10101000
10001101
10010010
11110100
10101001
10111100
10001001
11110011
10010011
10011100
10110111
11001110
10111100
11101111
10111000
10001100
11110100
10011011
10011011
10011111
11010010
10111101
11001010
10000010
11100101
10011011
10111101
11110110
10000110
10100000
10001011
00110010
11100110
10101111
10100111
11110111
10110010
10000101
10000101
01110011
01111011
11110101
10011011
10001101
10111001
