320
01011111
11100100
10000000
10011000
11110110
10110101
10110000
10101111
11101111
10111111
10001100
01010011
11101001
10110111
10110010
01101101
11110010
10101100
10000011
10010010
11110001
10100001
10000110
10101110
11100101
10010000
10101100
11110110
10110001
10100101
10110000
11110001
10001100
10101011
10000000
11100110
10110001
10010111
11011101
10101010
00110100
11110000
10010010
10010101
10100101
11101111
10101010
10111110
11001100
10110000
00010101
11100111
10111110
10001101
01001010
01001001
01101110
11110000
10010011
10110101
10001011
11100110
10000000
10111010
00000100
11110000
10101000
10011111
10111111
11011010
10110000
11100110
10110001
10111000
11110001
10111001
10001011
10101100
11110111
10111110
10010110
10100110
11110000
10101110
10101110
10010001
00100001
00110110
00111010
00011111
11101011
10011010
10111111
11110000
10101111
10100010
10100000
11110010
10011010
10111010
10101000
11010001
10100010
11001100
10011100
11100100
10100001
10111111
11001001
10111000
01011001
11110111
10001011
10010111
10100000
11100000
10100111
10000110
11001110
10110100
00000111
11100011
10110000
10100010
01100010
11100101
10101111
10010110
11001011
10010100
01110100
11000110
10000100
00111101
11011001
10111101
11101101
10000111
10010111
11100111
10000011
10001011
11101110
10110110
10011111
11101011
10111100
10101001
11101000
10101110
10010011
11010000
10011101
11100101
10100011
10110010
11001110
10111110
11110111
10110100
10100011
10011100
11010100
10010110
11100100
10000011
10111110
11110100
10000000
10001100
10100010
11110001
10101100
10011101
10100101
11101110
10010011
10110110
11110111
10111110
10001101
10110100
01100111
01101011
00111100
11001110
10111001
01101010
11101110
10001010
10010100
11110101
10000110
10000110
10010011
11011110
10100011
11110000
10111100
10100110
10000111
11101001
10111011
10110110
00011001
11110110
10001001
10100010
10111010
00000010
11000110
10001111
01011100
11110011
10100111
10100101
10111000
11010011
10001000
00011100
11101001
10110001
10011100
11100010
10001100
10001001
11100111
10110011
10100000
11010001
10101000
11110011
10010001
10000111
10001110
11001010
10001011
11010011
10001101
11110001
10111110
10100111
10110011
01010111
11110101
10111111
10101011
10001111
11110101
10010011
10000000
10000110
11001111
10001110
00000100
11100110
10100110
10010101
11101011
10101111
10000010
11001111
10001100
11110001
10110111
10100111
10101001
11000111
10010011
11110011
10010000
10001110
10111101
11101110
10101010
10010011
11001101
10110000
11010101
10101111
11100010
10110011
10110100
00111111
11000111
10011101
11110000
10110110
10000100
10000000
11110101
10001000
10100101
10100100
11110111
10110101
10000010
10100110
11010100
10001000
01000000
11011011
10001110
11001000
10010111
11110010
10101010
10110000
10101010
11101010
10111001
10011100
11011011
10110110
11100110
10011110
10011000
00100100
00011111
00011101
