80
11110011
10010101
10111100
10001110
11101011
10110011
10010101
01100001
11110010
10110001
10011111
10011011
11001011
10101111
11110010
10000101
10000101
10110111
01111111
11010011
10001010
11101101
10100010
10110111
00011000
11110001
10111011
10101010
10101010
00101001
11110001
10001100
10111110
10010101
11001110
10011010
11001100
10001001
11000011
10000100
01001101
00011110
00011001
00001001
01111011
01101001
11110100
10011101
10101000
10010000
00100111
11101010
10011101
10101011
11110010
10010101
10001001
10100000
00001000
00111011
11101100
10010100
10010100
01110110
00001100
11011011
10000001
11011110
10101000
11010101
10101001
11100101
10011101
10101100
00101110
11011100
10111111
11001011
10000010
01111111
