1000
11100110
10000011
10110110
11101011
10000010
10110101
11101111
10101011
10110111
11100101
10010100
10000100
11100111
10100110
10001100
11100011
10110011
10011100
11001011
10100100
11101010
10010000
10011001
11110010
10111110
10101001
10110010
11011001
10000110
11100010
10111100
10001110
00001010
11100001
10010100
10111001
11101111
10101001
10011101
11000011
10111101
11000011
10110110
01101111
01011110
11001101
10011110
11010011
10001000
01101001
11011100
10011100
11110110
10101110
10101010
10111110
11110001
10101011
10000000
10110110
00010000
11101110
10001010
10110011
01000111
11101101
10001111
10100010
11101100
10100001
10101110
01101111
01110001
11101001
10100000
10100001
11101010
10100110
10010111
11011000
10010001
01000100
01101111
00111001
11100011
10111001
10110011
11011010
10101010
11110001
10100110
10110000
10011111
11110111
10010110
10000001
10010011
11110110
10100001
10101111
10101001
11101010
10101100
10110110
11110100
10000000
10110011
10000001
01101001
11101100
10111011
10101101
11000100
10011101
11110000
10111100
10000000
10111010
11110010
10010100
10101101
10000111
11110010
10111001
10100101
10001101
11110010
10000001
10100000
10011010
01101101
11001011
10011101
00000011
11101010
10000101
10001010
11110101
10100011
10101110
10011001
11001000
10001111
11110100
10100011
10110001
10101100
11000011
10101110
11010011
10110010
11101010
10111110
10000100
11001100
10100000
11101011
10100000
10100110
11100101
10100010
10000101
01010000
11010000
10011000
01101110
00110011
11101000
10010100
10100100
11010011
10111010
01101010
01011010
01011001
11110100
10000110
10001001
10000000
11000010
10010111
11110110
10001000
10011110
10110111
11100101
10010100
10101100
11110000
10101101
10000111
10110101
11110110
10010000
10110011
10011001
11110001
10100110
10011111
10000111
11000011
10011010
11010001
10110101
11100110
10101111
10010110
11001000
10110011
01111110
11000100
10110001
11010010
10111011
00010111
00011100
11110101
10101010
10110101
10101000
11110000
10111000
10100011
10010111
00000011
11000011
10000011
11110001
10001100
10100101
10101111
11001001
10011100
11101011
10011011
10000010
11101111
10100010
10000100
00011100
11010000
10011110
11011001
10111000
11000111
10001100
00111101
01010100
11100001
10101100
10001111
11110111
10110111
10000100
10011001
11100100
10111111
10101010
11000101
10010000
11110001
10001011
10100000
10010010
11101000
10110000
10101101
01011001
00110001
11110110
10111110
10000000
10111101
11011111
10001010
11110101
10101001
10101011
10111001
01010000
11011110
10111100
11000011
10110100
01001101
11010100
10101111
11110000
10010101
10111001
10110010
11001100
10110011
11110101
10001100
10110111
10001000
11110100
10100101
10010010
10101000
11000010
10110000
11010111
10001110
11101011
10010011
10100101
00111101
11110011
10010010
10100011
10111001
01101000
11100001
10011110
10100111
01111100
11110000
10101110
10110011
10000100
11101001
10010010
10000101
11001011
10010100
11101011
10000001
10110100
11100110
10111000
10111001
11101110
10101000
10111101
00001110
11001000
10000001
00100000
00010100
11101110
10001111
10101000
11000110
10100110
01000010
11011100
10111001
01011001
00011100
11010011
10010011
11001001
10100011
11110100
10100010
10100011
10000010
11011001
10000111
11110110
10100010
10001000
10101000
11001010
10011110
11000010
10101010
00101100
11000110
10011110
11100000
10111001
10000010
11101111
10100100
10100010
11100110
10100011
10001101
11000111
10001000
11110011
10000111
10100100
10101001
11110011
10000111
10101101
10101111
00000010
11100001
10101110
10101101
11110110
10000100
10111101
10110001
11110100
10011000
10001001
10101000
01000111
00001011
11110010
10010101
10001010
10111000
11101001
10000110
10110110
11011111
10001010
01111111
11001111
10011110
01001100
11010111
10110110
11011111
10100100
11100001
10100101
10000110
01101011
00011111
11110000
10101010
10011010
10010110
11110101
10100100
10110100
10010100
11110011
10010001
10101011
10001010
11110011
10000001
10010010
10100100
11100010
10011110
10010000
11110001
10100010
10001101
10101111
11101100
10110100
10110000
11010110
10000010
11001111
10000010
11110100
10101101
10000011
10000000
11001001
10000110
11100111
10011001
10000111
01010010
11100101
10111111
10110001
01011101
11100001
10101111
10110110
00001001
11001000
10101111
00110100
11110110
10100001
10001001
10110101
01101011
11110110
10111100
10010110
10101000
11110110
10111001
10011000
10011001
11000101
10001100
11011111
10000010
11110010
10101110
10001011
10001101
11101100
10000100
10111001
11010111
10100011
11101011
10010001
10010101
11001000
10010000
11101001
10000001
10100110
11100011
10000001
10000111
11001110
10100111
11101011
10000100
10100111
11011111
10010000
11100000
10100101
10100100
01111011
11000111
10000111
11100100
10010001
10111000
11100000
10110011
10001011
11101001
10011110
10111011
01011101
11001101
10110001
01111001
11110111
10001001
10010010
10110011
11110001
10110110
10110010
10000111
11010110
10100001
00111110
11101000
10101001
10010110
11100110
10111101
10011111
11101111
10110101
10111101
11001010
10010100
11110100
10111110
10011111
10111101
11110100
10110001
10111000
10101111
11110000
10110001
10001001
10010000
11000100
10100101
11001001
10110001
11101100
10011111
10110111
11100011
10001001
10110100
11010010
10001100
01110010
11110111
10101100
10010100
10111001
11110111
10011001
10110100
10010110
11101100
10000001
10100011
01000110
11010100
10111100
00010101
11110011
10111010
10000100
10101001
11010101
10110010
11010001
10000100
01011000
00000111
11110001
10101001
10010110
10101001
11110000
10011011
10000011
10011011
01011101
11010111
10100001
11110110
10101000
10010000
10001110
01000000
00010100
11001011
10110111
11110100
10101110
10111001
10010111
11110101
10110001
10101010
10100001
11101001
10010010
10111110
00010110
11011101
10101011
11010101
10101011
11001111
10111001
11100100
10000101
10110111
11100110
10010100
10100110
11011111
10111010
11100100
10101011
10100110
11110111
10011100
10000110
10010001
11001100
10010011
11110110
10100010
10000101
10100001
11101110
10010011
10000001
11001011
10000000
00010000
11101111
10001101
10110011
11010011
10011010
00001100
11110110
10011010
10111100
10101101
11001010
10001000
11110010
10000101
10001011
10010011
11010100
10110111
11110010
10010000
10010010
10101100
11110110
10011110
10010010
10111000
11100101
10110001
10011101
11101110
10011000
10111111
01101001
11101000
10001110
10011101
01100000
01000010
01011111
11101111
10000110
10010101
11110110
10000011
10110101
10001111
11100111
10100010
10101110
00100011
11100010
10110001
10111110
11110111
10101010
10001010
10110101
11101110
10011011
10100000
00000010
11010101
10111000
11110101
10101010
10111010
10101111
00010001
11101011
10010100
10011111
01011110
11000100
10000111
11101001
10011001
10111100
01111111
11110101
10011000
10111111
10101100
11110010
10101010
10101000
10011110
11110010
10110101
10111000
10111111
11000110
10011001
11110001
10001000
10100000
10110010
11100011
10001000
10100101
00000101
11101111
10111011
10100100
00111000
11010011
10011110
11001100
10101010
11001110
10101111
01111101
11110001
10101110
10010011
10011111
11110011
10001000
10111000
10111001
01111010
00111001
11100010
10101101
10001110
00001000
11000111
10001011
01010100
11110111
10111100
10011100
10100101
01111101
11010100
10011110
11110101
10010010
10010000
10010000
11100010
10100111
10101111
11100010
10100110
10101111
00011110
01101011
11110011
10001100
10010110
10001001
11000010
10111001
11000101
10101101
11101101
10101011
10001000
11000111
10100001
01011101
01010101
11011111
10100010
11010010
10111010
11101110
10011101
10000010
11100100
10011001
10110010
11000110
10110000
11010011
10100110
00111010
11110111
10101011
10101000
10110101
11101010
10011101
10101100
00011100
11100001
10001010
10100010
00000100
11100110
10011100
10010100
11100110
10101011
10011101
11101100
10010000
10011000
11010111
10111101
11101101
10111010
10100110
11001101
10101000
11101101
10001101
10111100
11110100
10110011
10110000
10100010
00101100
11100001
10100011
10000110
00010011
11010000
10110100
00101001
01000000
11110100
10100111
10111010
10010110
11110001
10111011
10100011
10011111
11110010
10011110
10101100
10100101
11001101
10000011
11110010
10010101
10010011
10100101
11010010
10000100
11100101
10100100
10111000
11110010
10011000
10100110
10110010
11100001
10101011
10010100
11100111
10010101
10110100
11101010
10010100
10001011
11001000
10010101
11011100
10100101
11011110
10110101
01000111
01110111
11010000
10111011
11100001
10100110
10111011
11010101
10011111
11011110
10011010
01011110
11000110
10101111
00110000
11001000
10011110
11010111
10101110
00001011
11100001
10100010
10001110
11001001
10010101
11101011
10101010
10111101
11110100
10111011
10111111
10111100
01000011
01100001
11100011
10101100
10110011
11110101
10011010
10010001
10011110
11000010
10100101
00010001
11110001
10011100
10010010
10011111
11110110
10011101
10111101
10000011
11001111
10010100
00111001
11101111
10101101
10101110
00001111
00000011
