1000
11110111
10110110
10011111
10101110
11011100
10000110
00000101
11110100
10001101
10111001
10101101
11100010
10011100
10110010
11101111
10011001
10001100
11011111
10011011
11011101
10100100
11110001
10100011
10111111
10000100
11001101
10010111
11001011
10110001
11110111
10001001
10110101
10100011
01001101
11001001
10001011
11101111
10010001
10101011
11110011
10000001
10000111
10010110
11100100
10011101
10000111
11100011
10011001
10110000
11101000
10100011
10000101
11011111
10101111
00010100
11100111
10100001
10110001
11011110
10101010
11110011
10101010
10000011
10100001
11001000
10001000
11100110
10010010
10011000
00000011
11110100
10001110
10101010
10100000
11110011
10000000
10101000
10011010
11101100
10001000
10010011
11010100
10111111
11100011
10010100
10100010
11101100
10110010
10110101
00110100
11010010
10000001
11110111
10000100
10110100
10100000
11110001
10010011
10000000
10101011
11110100
10011001
10101010
10100101
11110010
10011011
10101111
10110011
00001010
00010100
11010111
10000001
11110001
10000101
10010101
10111010
11001010
10111101
01101011
11110010
10100010
10011010
10111100
11101110
10000110
10101111
11110001
10111100
10101001
10010111
11010010
10111100
11101100
10111111
10101100
11110110
10111110
10100000
10011011
00011000
11100000
10110010
10000101
01101100
00101010
00111111
11101100
10001100
10010110
11001011
10110111
00101111
11011110
10011111
11101111
10111011
10101111
11110010
10000101
10101001
10101010
11101110
10011101
10111111
11110011
10001110
10010011
10011010
11110100
10111010
10001111
10100000
11011101
10000101
11100011
10100111
10010110
11101000
10000000
10011101
11001101
10001100
00011111
11011000
10000101
11110010
10010111
10000000
10110011
11011011
10101001
11100100
10001001
10011100
11110111
10111010
10100110
10000001
11100011
10000000
10101010
11100010
10111011
10111110
11100110
10010001
10000001
11110100
10100100
10011001
10110100
00100010
11001110
10100100
00111011
00001010
11101010
10010100
10110001
11001110
10000101
11101100
10110100
10000100
11001001
10010101
11101000
10110001
10100110
11101001
10000010
10100000
11100111
10100100
10010110
11000111
10001101
11011011
10000001
11110011
10100011
10000110
10000010
11101111
10110101
10100110
11110101
10101001
10111001
10010000
11110110
10011010
10100101
10011000
11110000
10010001
10010110
10001101
00111001
11010001
10000000
00100010
11110001
10100110
10110100
10110100
11000111
10011100
11110101
10101101
10011100
10101111
11100110
10001100
10100000
01100010
01001101
11100100
10100010
10100101
11001001
10001000
11110011
10101001
10101111
10111101
01010001
11010011
10011001
00011111
11100101
10011110
10011111
11100100
10000101
10101101
11110011
10101000
10100001
10110110
00100100
11100001
10000001
10011101
11001001
10110111
11011111
10011000
11110001
10101100
10011011
10000110
11000111
10000100
11110100
10011011
10111010
10010101
11001011
10001100
11101000
10001000
10100101
11011111
10110100
11011100
10100101
01001101
11011100
10111100
11001001
10011110
11000010
10100110
00110011
11101000
10111101
10110110
11101010
10100110
10000011
11110010
10111101
10110011
10111001
11100111
10011010
10010011
11110010
10100110
10101110
10111011
11011100
10111011
11000010
10100011
11100100
10110100
10000110
11101100
10001110
10111001
11000111
10101011
11011110
10001000
11101001
10011100
10000000
11100101
10001110
10011111
11101111
10001001
10001101
11011010
10110001
11011000
10111100
11110101
10000001
10100011
10011100
11001000
10101100
11101111
10101110
10000111
11101001
10000110
10100100
11101010
10100001
10100100
11100001
10110010
10100100
11001010
10010101
11011000
10011000
11110101
10010101
10010011
10101010
11010111
10100110
11100110
10111111
10001001
11101110
10000000
10100110
11100110
10010100
10100111
11110101
10100100
10100011
10110001
11000110
10110010
01011100
11001000
10010001
00111010
11110000
10010100
10001101
10000011
11110011
10001011
10111101
10010000
11110101
10010010
10010100
10100100
11101010
10000000
10000100
11110001
10001110
10111010
10001110
01000001
11001110
10011100
11100001
10100111
10101000
00001010
11100000
10111100
10001000
11011000
10111000
11110100
10111010
10011111
10001110
11110110
10010110
10110111
10001101
11101011
10001111
10100110
01101001
11101101
10010000
10010010
11001011
10010010
11000111
10011001
01101101
11000101
10011111
11110011
10111010
10000110
10110100
11011111
10010000
01100010
01011010
11010011
10110000
11101001
10111101
10101011
11110110
10110100
10001010
10110111
11101101
10101011
10101000
00110111
11110011
10000110
10000000
10111011
11000111
10110111
11100010
10101001
10010111
01001011
01011101
11101011
10001001
10111011
11110001
10100010
10101110
10111001
11101111
10110100
10101010
11101011
10111000
10000000
11010000
10010001
11011110
10010100
11010010
10100000
00011000
01111001
11110001
10111100
10100001
10000011
01110110
11000100
10010110
11110110
10110010
10100101
10101111
11100101
10111100
10101111
11110100
10111111
10110011
10111010
11010010
10011000
01001111
01000001
11011100
10010100
01010101
11101000
10110110
10011101
11000011
10000110
11110100
10000111
10101000
10111100
11110011
10101111
10010111
10000001
11000110
10001110
11110110
10101110
10011111
10100010
11101001
10110010
10100011
11010100
10111001
11011011
10000110
11110110
10000000
10011100
10011100
11101101
10011011
10011011
11010011
10010101
11000101
10100000
11000101
10111001
11001100
10010110
11101100
10111011
10011000
11010000
10111001
11001110
10010000
01001011
11011000
10111100
11011100
10101110
11000101
10001010
11000110
10001111
11110100
10010000
10101101
10101010
00101100
00011111
11110001
10101010
10101010
10011110
11110000
10110010
10000101
10111111
11101100
10011111
10110010
11110010
10001000
10101011
10100111
11001001
10010011
00000011
11110011
10100101
10100111
10001001
11001001
10110101
11101010
10101101
10001100
11001111
10001000
11110001
10011010
10110011
10001011
11110100
10001001
10011111
10111111
11100010
10011011
10001000
01010111
11101001
10001100
10100000
11011011
10000111
11100001
10011001
10101001
11101100
10011011
10011101
11110000
10010010
10010101
10110100
11101111
10000101
10100011
11001101
10110001
11100011
10110101
10101110
00010001
01111101
11011100
10001000
01110111
11001001
10001001
00111010
11110100
10010001
10011001
10110100
11110011
10011101
10000100
10000100
11101001
10111111
10101011
11110001
10001111
10010010
10001110
01111001
01011111
11011001
10001001
11011101
10110011
01111101
00110001
11001111
10010111
11101010
10000010
10100011
11110111
10101100
10110111
10000000
11110101
10011011
10100000
10100000
11001010
10001110
00001110
11011000
10110101
11100110
10100001
10110101
11011010
10100100
11101001
10010111
10111010
11110100
10011110
10000010
10100011
00111110
11001011
10010101
11100011
10001110
10011001
11101111
10100001
10011101
11110010
10110010
10001111
10100000
11010000
10011101
11110000
10110001
10100011
10110100
11110010
10101011
10101110
10011010
11110011
10110101
10110001
10110100
11110010
10101101
10100001
10111011
11110101
10010100
10110010
10010010
11011110
10110001
11110110
10101001
10000000
10000011
01110000
11101001
10011100
10010000
01000100
11010011
10001010
11110110
10011111
10001001
10111101
11110000
10101010
10001101
10011010
11101000
10111111
10110011
11100110
10101001
10110111
11100010
10010101
10101000
11011101
10110000
01000101
11010001
10101001
11100011
10010011
10110111
11110001
10101000
10001000
10100010
11110111
10010101
10100110
10001010
11101011
10111111
10110011
01100000
11101000
10100001
10010100
00110101
11110011
10010100
10110110
10011000
11110100
10001001
10010110
10100101
11101000
10000000
10111010
01101001
00111101
01010010
01011100
11110101
10101011
10101001
10000000
11001011
10000010
11110100
10001111
10001001
10100100
11000100
10010011
11010101
10100110
11011100
10000111
11101101
10010101
10001111
11010001
10001010
11110101
10110100
10010010
10110011
11110100
10111010
10011001
10101101
11010000
10110000
11101001
10000100
10111101
11000010
10010011
11101111
10110010
10110001
01100110
11001111
10111100
11101100
10101101
10010101
11110101
10100010
10000001
10000011
11010100
10100110
11110101
10100110
10110001
10101001
11101101
10010001
10100111
01010110
00111111
11110111
10011010
10011101
10110101
11101000
10100110
10011011
11110000
10101010
10111100
10001100
11101110
10010110
10000010
11101110
10011101
10100111
11001001
10100101
00101000
11110111
10110001
10000001
10001011
01111111
00101100
11110100
10001001
10110110
10110001
00010011
11100001
10001100
10100111
11110000
10010110
10011000
10110011
11110011
10000000
10001010
10110001
11101110
10111001
10101000
00110001
11100001
10000110
10000111
11000100
10111001
11011010
10000001
11000010
10111011
11100100
10010100
10010100
11100001
10000000
10011000
11110011
10100100
10111110
10001111
11110100
10000111
10001111
10101000
00011100
11110100
10001000
10010111
10001110
11001100
10111011
11110110
10011111
10101001
10010010
11110011
10110001
10110001
10101100
11001101
10001101
00110101
11010101
10111101
11011100
10011010
