4
1 0 0
2 30 0
3 60 40
4 0 60
2
1 3
1 4
22
1 0 0
2 150 40
3 30 20
4 180 150
5 40 80
6 130 130
7 72 28
8 172 118
9 50 50
10 160 82
11 90 105
12 144 131
13 130 64
14 80 140
15 38 117
16 190 90
17 60 100
18 100 70
19 130 100
20 71 69
21 200 110
22 120 150
1
1 22
30
1 1 1
2 2 2
3 3 3
4 4 4
5 5 5
6 6 6
7 7 7
8 8 8
9 9 9
10 10 10
11 11 38
12 47 27
13 48 21
14 27 39
15 7 29
16 23 11
17 99 78
18 76 23
19 73 22
20 87 23
21 17 23
22 87 55
23 66 63
24 53 37
25 71 16
26 32 11
27 12 18
28 93 65
29 37 19
30 11 36
5
3 23
1 10
5 8
4 2
1 21
0
