21
  100    40
   30   100
   50    90
   80    50
  100    20
   50    10
   80    70
   50   110
   60    50
   20    60
   60    30
   10    80
  100    80
   20    30
  120    60
   40    50
   50    70
  110   100
   30    80
   80    90
   90    60
12
  355   355
   10    10
  172   172
   33    33
  228   228
  116   116
  332   332
    1     1
  400   400
   87    87
  381   381
  219   219
140
  56   15
  42   42
  42   29
  44   27
  67    4
  56   56
  30   40
  15   55
  51   20
  43   28
  41   30
  17   17
  47   24
  39   32
   0   70
  10   10
  50   21
  53   18
  24   46
  68   68
  59   12
  64    7
  38   33
  12   12
  45   26
  20   20
   8   62
  57   57
   5    5
  22   22
  14   56
  48   23
   4   66
  46   25
  60   11
  13   57
  67   67
  44   44
  65    6
  52   52
  62   62
  37   37
  49   22
  36   35
   9   61
  40   31
   2   68
  51   51
   6   64
  40   40
  11   59
  28   42
   7   63
  30   30
  68    3
  66   66
   1   69
   3    3
   1    1
  27   43
   9    9
  55   55
  10   60
  48   48
  57   14
  55   16
  33   37
   3   67
  16   54
  63   63
  70    1
  16   16
  59   59
   6    6
  25   45
  63    8
  69   69
  70   70
  19   19
  66    5
   5   65
  62    9
  26   44
  18   18
  58   13
  23   47
  65   65
  19   51
  54   54
  18   52
  13   13
  50   50
  53   53
  34   34
  54   17
  61   10
  14   14
  36   36
  49   49
  52   19
  17   53
   7    7
  11   11
  25   25
  21   21
  12   58
  20   50
  24   24
  21   49
  41   41
  23   23
  22   48
  27   27
  31   39
  69    2
  46   46
  26   26
  32   32
   8    8
  38   38
  61   61
   2    2
  37   34
  34   36
  15   15
  58   58
  39   39
  32   38
  29   41
   4    4
  43   43
  31   31
  45   45
  60   60
  28   28
  64   64
  47   47
  33   33
  29   29
  35   35
340
 228    86
 135   310
  12   296
 245   224
 200   252
  64    51
 221   334
 330   115
 500   184
 164    11
 146   255
 460   303
   2   441
 485   146
  17   168
 143   239
  60   459
 183   279
 171   392
  61   267
 372   220
 470   121
 274   284
 263   448
  78    14
 280   405
  23   170
 304    10
  56    51
 408   109
 312   141
 391   339
 192   149
 125    21
 346   393
 460   114
 374    20
   8   142
  17   217
 246   242
 207   436
 471   199
 451    43
  57   175
 434   414
 294   481
  58   342
 276    47
 333    79
  97    34
 290   378
  78   156
 348    61
  47   203
 354    35
 372   310
 400   255
 287   495
 426   273
 447   484
 461   188
 298    64
 291   118
 353   346
  68   203
 291    20
 493   318
 486   122
 312   256
 269   338
 435    33
 162   309
 300   313
 315   357
 182   410
 388   201
  93    61
 370   392
  18   211
 358   308
 340   240
 461   155
 192    90
 432    74
 146    64
 151   300
 147   151
  61   476
 414   222
 464    57
 457   404
 459   186
 397   493
  22   439
 260   267
 450   340
 211   189
 156    59
 116   218
  89   407
 100   198
 482   309
 368   235
 203   139
 109   361
 438   334
 221   351
 434   376
 298   220
 318   401
 263   325
 230   187
 369   322
 491    80
 228   377
  67   353
  39   155
 350    29
 229    16
 390   455
 378   140
 498   376
 190   500
 256   300
 100   495
 374   179
  24   323
 216   428
 355   182
 118   264
 247   381
 157   486
 452   206
 402   353
 339   394
 367   176
  79   237
 206    92
 321   491
 305    67
 477   346
 110   395
 277   352
 361   225
 341   333
 264   122
 368   451
  72   457
 187   140
  85   369
  61   397
 295   384
 183   354
 436   105
  66   371
 135   133
 455   330
  10   374
 256   141
  53   336
 354   370
 201   380
 295   453
 209    10
 212   273
 158   394
 490   462
 278   497
 281   226
 361   235
 362   326
 238    24
 185   275
 353   148
 426   334
  98   342
 297   401
 499   474
 462   152
 393   471
 362   192
 180   436
 473   177
  88    19
  87   348
 459    28
 145   201
 273   361
 195    28
 472   470
 253   204
 243   171
 436   320
  48   293
 297   214
 378     6
  87    11
  13   229
  88    17
 188    43
 172   493
  15   231
 344   481
 336   108
 113   464
 264    48
 194   440
 157   324
 405    33
 278   447
 226   449
 108   360
 463   117
 330   214
 418   370
 208   245
 228   460
 120    54
 459   298
 445   480
 176    54
 448   120
 193   407
 455   227
 184   249
 410   319
 437   372
 424   168
 350    36
  30   260
 469   387
 317   321
 418   169
 394   205
  88   314
  63   248
 203   363
 201   218
 132    91
 205   359
 313   481
  11   434
 419   463
  22   342
 103    61
 486   367
 466    70
 116   421
 355   466
 312   114
 115   119
 453   460
 403    75
 385   118
 432   396
 392   159
 259   127
 424   301
  25   138
 434   349
 423   360
  84    14
 124   230
 420   376
 181   279
  18   363
 105   263
 218    84
 389   486
 425   338
 238   177
 119   131
 434   388
  41    74
 157   237
 441   165
 443   469
 124   180
  45   132
 390   329
 209   418
 407   438
 293   133
 335   111
 324   113
 490   307
 367   372
 355    57
 297   173
 242   307
 404   197
 457    46
 361   377
 392   233
 273   136
 305   442
 300   149
  98   211
 363   197
 140    55
 180   431
 237   341
  69     1
 435   486
 358   107
 159   204
  23   275
 497    20
 424    39
 169   449
 266   187
  59   155
 117   447
 472   462
 161   268
 341   458
 225   376
 314   415
  26   181
 318   243
 442   273
 155   117
 211   327
 452   381
 180   131
 228   241
 166    62
 417   183
 134     2
 133   367
 224   238
  12   124
 296   346
 370   149
 348   104
 326   423
 169   459
 342   297
 344   288
 336   454
0
