1 0 1 -47
1 0 1 0
1 1 1 0
1 20 1 0
4 -15 1 0
Impossible
7 -39 1 99
Impossible
11 5 1 11
4 -43 4 -51
4 -27 4 -27
4 -25 4 -25
19 16 1 36
20 43 1 0
Impossible
5 88 5 88
19 -86 2 111
47 -160 1 31
Impossible
59 -69 1 -69
64 9 1 -106
26 -23 3 -40
Impossible
10 -37 10 -37
103 -153 1 47
107 15 1 -81
13 -29 9 146
11 43 11 43
19 -146 7 -65
67 -117 2 1
46 33 3 -139
28 -33 5 -14
37 963 4 1
31 -123 5 -51
Impossible
163 116 1 33
13 58 13 58
34 191 5 32
85 -134 2 71
15 -19 13 -19
18 131 11 -16
15 -1 15 -86
15 13 15 -14
40 -19 6 -163
Impossible
28 -75 10 -107
19 -62 15 -143
19 91 15 -52
Impossible
21 -55 16 -73
168 -365 2 -7
19 119 18 73
344 97 1 2
43 -18 8 161
115 -107 3 65
19 -55 19 -55
19 45 19 -14
19 72 19 72
Impossible
23 -33 16 191
37 -43 10 -43
62 55 6 101
23 52 17 -3
56 57 7 -96
132 -67 3 43
85 -81 5 31
143 72 3 25
144 175 3 22
Impossible
33 2 14 -109
Impossible
Impossible
69 -11 7 -11
26 -11 19 -11
129 202 4 3
47 -72 11 -123
47 -50 11 57
40 -27 13 -27
Impossible
183 148 3 4
29 -71 19 -71
29 -129 19 34
Impossible
81 64 7 -103
44 73 13 -8
34 -135 17 -26
198 -179 3 11
35 2 17 -162
47 1 13 -67
25 39 25 -53
25 71 25 71
25 79 25 79
33 -118 19 77
91 -12 7 -71
32 -9 20 -9
134 -161 5 -18
135 29 5 -32
53 96 13 -9
50 3 14 3
177 -112 4 -3
65 49 11 17
40 -171 18 31
27 25 27 -88
27 -5 27 -5
32 -37 23 181
Impossible
28 -95 27 -19
Impossible
40 87 19 -17
763 747 1 -5
70 151 11 58
31 43 25 -6
28 83 28 -85
73 -18 11 -134
206 553 4 -3
29 28 29 28
94 -31 9 -31
Impossible
69 -109 13 -20
187 -129 5 -9
187 -74 5 2
39 50 24 115
134 119 7 66
50 -7 19 176
31 44 31 -1
142 55 7 44
32 51 32 51
115 136 9 56
55 9 19 9
1047 865 1 -10
47 -58 23 -12
73 -132 15 4
221 542 5 -7
41 46 27 -19
42 -139 27 -41
128 87 9 -38
Impossible
43 26 27 -122
Impossible
36 29 33 70
Impossible
35 -97 35 -97
175 -144 7 3
310 533 4 -3
73 51 17 73
623 556 2 -9
38 23 33 179
60 -19 21 -68
140 179 9 -32
49 -73 26 79
319 -426 4 -3
Impossible
655 43 2 -9
Impossible
43 -3 31 -79
57 67 24 23
37 -71 37 -71
Impossible
37 -45 37 -45
81 160 17 10
Impossible
57 -16 25 102
Impossible
104 153 14 -45
146 -47 10 -17
113 -4 13 29
59 31 25 31
40 61 38 109
117 -94 13 6
39 62 39 37
172 -31 9 -52
62 -61 25 -4
177 46 9 -55
321 272 5 1
Impossible
Impossible
64 23 26 -21
128 101 13 58
41 -12 41 -12
Impossible
130 -51 13 -49
101 -94 17 -2
47 -17 37 -195
194 -23 9 19
76 -23 23 -9
44 21 40 21
105 -79 17 60
150 -49 12 35
95 43 19 37
67 40 27 124
Impossible
80 127 23 7
43 -15 43 -99
43 47 43 24
43 98 43 5
43 53 43 53
Impossible
46 -151 41 12
172 -189 11 -32
173 -59 11 -45
191 -98 10 -19
Impossible
102 -79 19 40
Impossible
1965 266 1 2
46 -55 43 36
46 127 43 31
1995 229 1 3
Impossible
47 160 43 52
Impossible
Impossible
73 -23 28 107
67 -12 31 -29
Impossible
91 -144 23 -25
162 19 13 -43
47 -23 45 -71
101 -22 21 31
193 86 11 20
125 -8 17 -75
133 106 16 19
61 -7 35 88
543 -419 4 9
Impossible
Impossible
Impossible
148 -35 15 46
68 23 33 -43
50 31 45 -152
113 36 20 79
84 -97 27 -11
79 24 29 24
1148 925 2 3
Impossible
67 38 35 -66
787 -25 3 -5
139 2 17 -13
49 83 49 -68
Impossible
Impossible
75 59 33 -158
73 -78 34 41
191 131 13 10
71 112 35 33
50 19 50 19
Impossible
60 37 42 -43
83 -179 31 4
83 56 31 -71
89 193 29 -6
58 -149 45 -41
Impossible
53 -17 50 -47
62 -61 43 -47
127 181 21 -11
57 116 47 -34
104 63 26 -51
52 17 52 17
Impossible
121 -75 23 11
164 195 17 24
57 -104 49 33
Impossible
149 190 19 35
945 487 3 -5
89 -55 32 -25
Impossible
171 118 17 8
172 169 17 -49
176 -75 17 13
Impossible
107 153 28 -37
82 79 37 -15
154 107 20 49
134 -147 23 -28
1049 -275 3 7
73 110 44 -37
161 -166 20 47
Impossible
Impossible
143 115 23 31
77 -59 43 -59
665 -197 5 9
61 -51 55 137
58 41 58 41
187 -18 18 -23
149 164 23 19
65 -71 53 123
81 -40 43 2
Impossible
Impossible
114 83 31 -86
83 1 43 -25
143 56 25 -23
143 115 25 39
68 125 53 -43
74 55 49 24
Impossible
64 -39 57 10
89 66 41 -21
131 -170 28 -15
75 -37 49 141
Impossible
77 60 48 -113
185 178 20 -21
Impossible
Impossible
61 -45 61 -56
96 65 39 -100
139 13 27 -2
71 -43 53 168
92 -105 41 14
140 -67 27 -16
173 156 22 -23
Impossible
107 -58 36 -59
776 -971 5 3
163 -1 24 29
Impossible
151 60 26 -67
119 73 33 -53
Impossible
Impossible
120 -23 33 -41
65 74 61 -91
82 115 49 -12
175 -88 23 -36
65 -27 62 -103
69 -35 59 -2
64 -13 64 -13
64 51 64 -57
118 111 35 -8
181 138 23 -41
149 197 28 1
65 -29 65 -29
137 72 31 -35
1067 870 4 3
Impossible
172 23 25 18
105 31 41 18
Impossible
83 -58 52 77
115 -54 38 83
175 88 25 -24
72 -5 61 97
90 29 49 -113
Impossible
78 -43 57 -70
Impossible
67 -29 67 -29
67 -27 67 -27
67 52 67 -58
67 11 67 11
169 74 27 -67
163 -61 28 43
148 199 31 14
171 -40 27 32
136 47 34 -35
113 -51 41 71
75 193 62 -37
Impossible
71 55 66 19
Impossible
115 -106 41 52
119 103 40 33
81 -110 59 56
75 -29 64 -83
Impossible
Impossible
73 -121 67 33
133 185 37 6
Impossible
97 158 51 -19
Impossible
Impossible
72 97 72 -77
133 71 39 -58
113 -133 46 59
Impossible
151 57 35 17
77 -65 69 20
148 53 36 -49
73 22 73 22
124 -41 43 -16
109 -194 49 18
173 16 31 41
Impossible
128 -155 42 31
163 96 33 2
77 148 70 -31
123 83 44 -31
Impossible
Impossible
103 -86 53 -19
156 125 35 -32
178 119 31 -60
1382 827 4 -5
1401 709 4 5
89 116 64 -61
81 83 71 -115
76 43 76 43
1457 719 4 -3
Impossible
138 65 43 -1
170 39 35 31
107 14 56 15
93 -58 65 103
178 -119 34 3
156 -73 39 -31
Impossible
83 87 74 -33
Impossible
91 -122 68 15
Impossible
79 36 79 -58
79 17 79 -11
Impossible
89 28 71 -74
93 53 68 -143
Impossible
Impossible
95 67 67 52
Impossible
Impossible
173 168 37 -14
Impossible
Impossible
Impossible
157 -41 41 18
147 115 44 -39
175 -78 37 23
89 -44 73 148
Impossible
Impossible
81 25 81 25
147 -185 45 13
Impossible
191 -31 35 -39
149 24 45 -52
107 -169 63 40
Impossible
100 179 68 -35
166 153 41 21
184 -105 37 44
145 -154 47 25
Impossible
1369 198 5 -3
125 -46 55 -51
83 -1 83 -93
Impossible
1392 589 5 -1
Impossible
103 52 68 13
Impossible
Impossible
84 65 84 41
97 85 73 6
1774 -259 4 5
90 -43 79 -43
122 125 59 -45
Impossible
108 157 67 -35
197 -200 37 26
96 -29 76 -29
Impossible
Impossible
94 97 79 -6
1487 135 5 1
Impossible
Impossible
Impossible
127 -8 59 -74
161 191 47 -48
87 44 87 44
87 49 87 49
113 -112 67 35
Impossible
158 125 48 -13
Impossible
Impossible
Impossible
Impossible
88 15 87 35
Impossible
107 -7 73 80
Impossible
97 -13 82 -13
185 -42 43 36
Impossible
Impossible
99 -10 81 71
141 83 57 -23
114 127 71 -37
Impossible
Impossible
172 189 48 -11
145 146 57 -61
Impossible
115 -76 73 19
Impossible
123 55 69 -67
Impossible
199 -136 43 73
Impossible
139 -9 62 69
Impossible
Impossible
Impossible
96 11 90 11
113 -74 77 72
Impossible
96 19 92 -59
136 39 65 49
103 64 86 -29
107 -57 83 32
Impossible
Impossible
Impossible
199 -76 45 -1
184 -119 49 -8
Impossible
194 -65 47 20
127 54 72 -29
177 -7 52 15
Impossible
Impossible
Impossible
129 -23 72 -13
Impossible
Impossible
Impossible
Impossible
151 -41 64 -33
Impossible
Impossible
133 -15 73 71
Impossible
Impossible
Impossible
Impossible
Impossible
118 21 84 -95
153 -22 65 61
199 104 50 -3
Impossible
