3
-3 1 1
2 -4 1
2 1 -1
3
-4 1 1
1 1 -6
1 -5 3
4
-8 6 -2 1
2 -7 -2 1
1 -1 1 1
1 1 1 -5
6
2 2 3 -7 3 2
1 -10 1 1 3 2
2 6 5 2 -6 1
3 4 -23 2 2 5
3 3 -6 2 3 7
-7 2 3 2 -5 -13
6
2 2 3 -7 3 2
1 -10 1 1 3 2
2 6 5 2 -6 1
3 4 -23 2 2 5
3 3 -6 2 3 7
-7 2 3 2 -5 -12
8
2   7   5   4   1   4   6   4
4   6   7 -22  -5   3 -32   2
5 -18   2   1   6   4   5   8
6 -23   4  -7   1 -14   2   1
6   1   4   3   3   4 -23   4
8   9 -17 -21   5   6   2   3
3   4   3   4   5   2 -13   3
8   2   4 -16   2   3   4   6
8
1  1  1  1  1  1  1  1
1 -7  1  1  1 -6  1  1
1  1  1  1  1  1  1  1
1  1  1  1 -8  1  1 -7
1  1 -2  1  1 -2  1  1
1  1  1  1  1 -5  1  1
1  1  1  1  1  1  1 -6
1  1  1  1 -9 -2  1  1
0
