5 3
6 3
7 3
--------------
3 2
3 3
3 4
4 2
4 3
4 4
--------------
1 1
1 2
1 3
1 2
1 3
2 1
1 3
2 2
2 1
2 2
2 3
2 2
2 3
2 3
--------------
0 4
1 4
0 5
1 5
0 4
1 4
0 5
1 5
0 5
1 5
1 4
1 4
0 4
1 5
1 4
0 4
1 5
0 4
1 5
--------------
3 5
3 5
3 6
3 5
3 5
3 6
3 5
3 6
3 5
3 5
3 5
3 6
3 5
3 5
3 6
3 5
3 6
--------------
2 7
2 7
1 7
2 8
2 7
2 7
1 7
2 8
2 7
1 7
2 8
2 7
2 7
2 7
1 7
2 8
2 7
2 7
1 7
2 8
2 7
1 7
2 8
--------------
4 8
4 8
4 8
4 9
4 8
4 8
4 8
4 9
4 8
4 8
4 9
4 8
4 8
4 8
4 8
4 9
4 8
4 8
4 8
4 9
4 8
4 8
4 9
--------------
6 7
6 8
6 7
6 8
6 7
6 8
6 8
6 7
6 8
6 7
6 8
6 7
6 8
6 8
6 7
6 8
6 7
6 8
6 8
6 7
6 8
6 7
6 8
6 7
6 8
6 7
6 8
6 8
6 7
6 8
6 7
6 8
6 7
6 8
6 8
6 7
6 8
6 7
6 8
6 8
--------------
7 5
8 6
8 7
7 6
8 7
7 5
8 6
8 7
7 6
8 7
7 5
8 6
8 7
7 6
8 7
7 6
8 7
7 5
8 6
8 7
7 6
8 7
7 5
8 6
8 7
7 6
8 7
7 5
8 6
8 7
7 6
8 7
7 6
8 7
7 5
8 6
8 7
7 6
8 7
7 5
8 6
8 7
7 6
8 7
7 6
8 7
7 5
8 6
8 7
7 6
8 7
7 5
8 6
8 7
7 6
8 7
7 5
8 6
8 7
7 6
8 7
7 5
8 6
8 7
7 6
8 7
7 6
8 7
7 5
8 6
8 7
7 6
8 7
7 5
8 6
8 7
7 6
8 7
7 5
8 6
8 7
7 6
8 7
7 6
8 7
7 5
8 6
8 7
7 6
8 7
7 5
8 6
8 7
7 6
8 7
7 6
8 7
--------------
7 3
8 3
9 4
7 4
8 4
9 4
7 4
8 4
7 3
8 3
9 4
7 4
8 4
9 4
7 4
8 4
7 3
8 3
9 4
7 4
8 4
9 4
7 4
8 4
7 4
8 4
7 3
8 3
9 4
7 4
8 4
9 4
7 4
8 4
7 3
8 3
9 4
7 4
8 4
9 4
7 4
8 4
7 3
8 3
9 4
7 4
8 4
9 4
7 4
8 4
7 4
8 4
7 3
8 3
9 4
7 4
8 4
9 4
7 4
8 4
7 3
8 3
9 4
7 4
8 4
9 4
7 4
8 4
7 4
8 4
7 3
8 3
9 4
7 4
8 4
9 4
7 4
8 4
7 3
8 3
9 4
7 4
8 4
9 4
7 4
8 4
7 3
8 3
9 4
7 4
8 4
9 4
7 4
8 4
7 3
8 3
9 4
7 4
8 4
9 4
7 4
8 4
7 4
8 4
7 3
8 3
9 4
7 4
8 4
9 4
7 4
8 4
7 3
8 3
9 4
7 4
8 4
9 4
7 4
8 4
7 3
8 3
9 4
7 4
8 4
9 4
7 4
8 4
7 4
8 4
7 3
8 3
9 4
7 4
8 4
9 4
7 4
8 4
7 3
8 3
9 4
7 4
8 4
9 4
7 4
8 4
7 4
8 4
--------------
OK
5 3
6 3
7 3
--------------
3 2
3 3
3 4
4 2
4 3
4 4
--------------
1 1
1 2
1 3
1 2
1 3
2 1
1 3
2 2
2 1
2 2
2 3
2 2
2 3
2 3
--------------
0 4
1 4
0 5
1 5
0 4
1 4
0 5
1 5
0 5
1 5
1 4
1 4
0 4
1 5
1 4
0 4
1 5
0 4
1 5
--------------
3 5
3 5
3 6
3 5
3 5
3 6
3 5
3 6
3 5
3 5
3 5
3 6
3 5
3 5
3 6
3 5
3 6
--------------
2 7
2 7
1 7
2 8
2 7
2 7
1 7
2 8
2 7
1 7
2 8
2 7
2 7
2 7
1 7
2 8
2 7
2 7
1 7
2 8
2 7
1 7
2 8
--------------
4 8
4 8
4 8
4 9
4 8
4 8
4 8
4 9
4 8
4 8
4 9
4 8
4 8
4 8
4 8
4 9
4 8
4 8
4 8
4 9
4 8
4 8
4 9
--------------
6 7
6 8
6 7
6 8
6 7
6 8
6 8
6 7
6 8
6 7
6 8
6 7
6 8
6 8
6 7
6 8
6 7
6 8
6 8
6 7
6 8
6 7
6 8
6 7
6 8
6 7
6 8
6 8
6 7
6 8
6 7
6 8
6 7
6 8
6 8
6 7
6 8
6 7
6 8
6 8
--------------
7 5
8 6
8 7
7 6
8 7
7 5
8 6
8 7
7 6
8 7
7 5
8 6
8 7
7 6
8 7
7 6
8 7
7 5
8 6
8 7
7 6
8 7
7 5
8 6
8 7
7 6
8 7
7 5
8 6
8 7
7 6
8 7
7 6
8 7
7 5
8 6
8 7
7 6
8 7
7 5
8 6
8 7
7 6
8 7
7 6
8 7
7 5
8 6
8 7
7 6
8 7
7 5
8 6
8 7
7 6
8 7
7 5
8 6
8 7
7 6
8 7
7 5
8 6
8 7
7 6
8 7
7 6
8 7
7 5
8 6
8 7
7 6
8 7
7 5
8 6
8 7
7 6
8 7
7 5
8 6
8 7
7 6
8 7
7 6
8 7
7 5
8 6
8 7
7 6
8 7
7 5
8 6
8 7
7 6
8 7
7 6
8 7
--------------
--------------
NA
