10
10
-4 0
-4 -4
-12 -4
-12 0
-19 0
-19 10
-16 10
-16 9
-12 9
-12 10
10
14 -11
14 -10
18 -10
18 -11
21 -11
21 -1
14 -1
14 3
6 3
6 -1
10
-4 11
-6 11
-6 3
-2 3
-2 18
8 18
8 15
7 15
7 11
8 11
10
2 -4
2 -8
19 -8
19 5
14 5
14 6
17 6
17 14
10 14
10 7
10
-3 -5
-7 -5
-7 3
-3 3
-3 10
7 10
7 7
6 7
6 3
7 3
10
-3 -5
-3 -9
-11 -9
-11 -5
-18 -5
-18 5
-15 5
-15 4
-11 4
-11 5
10
5 6
5 2
-3 2
-3 6
-10 6
-10 16
-7 16
-7 15
-4 15
-4 16
10
7 -9
7 -5
15 -5
15 -9
22 -9
22 -19
19 -19
19 -18
15 -18
15 -19
10
-6 -8
-2 -8
-2 -16
-6 -16
-6 -23
-16 -23
-16 -20
-15 -20
-15 -16
-16 -16
10
-7 0
-3 0
-3 -8
-7 -8
-7 -15
-17 -15
-17 -12
-16 -12
-16 -8
-18 -8
10
-4 0
-4 -4
-12 -4
-12 0
-19 0
-19 10
-16 10
-16 9
-12 9
-12 10
7
8
0 0
6 0
6 2
4 2
4 4
2 4
2 2
0 2
8
0 2
0 0
-6 0
-6 2
-4 2
-4 4
-2 4
-2 2
8
0 -2
0 0
-6 0
-6 -2
-4 -2
-4 -4
-2 -4
-2 -2
8
2 14
2 12
0 12
0 10
6 10
6 12
4 12
4 14
8
-2 -2
0 -2
0 0
-6 0
-6 -2
-4 -2
-4 -4
-2 -4
8
-4 0
-2 0
-2 2
0 2
0 4
-6 4
-6 2
-4 2
8
4 2
4 0
6 0
6 2
8 2
8 4
2 4
2 2
8
2 -2
4 -2
4 0
6 0
6 -2
8 -2
8 -4
2 -4
5
3
9 -8
9 -16
10 -16
3
2 -5
-2 -5
-2 -9
3
-3 25
-3 17
-4 17
3
-5 4
-5 -5
-4 -5
3
-2 8
-2 17
-3 17
3
7 -4
7 5
6 5
4
5
-8 -2
-15 -2
-15 -11
-9 -11
-9 -8
5
-1 4
-1 -3
8 -3
8 3
5 3
6
14 -1
17 -1
17 -7
8 -7
8 0
0 0
5
1 8
8 8
8 17
2 17
2 14
4
1 8
8 8
8 17
2 17
50
10
-5 -9
-5 -18
-9 -18
-9 -23
-14 -23
-14 -25
-4 -25
-4 -15
5 -15
5 -24
10
7 9984
7 9992
11 9992
11 9997
16 9997
16 9999
6 9999
6 9989
-3 9989
-3 9998
10
8 -9983
8 -9992
5 -9992
5 -9997
0 -9997
0 -9999
10 -9999
10 -9989
19 -9989
19 -9998
10
0 -4
10 -4
10 -8
14 -8
14 -13
16 -13
16 -3
6 -3
6 6
15 6
10
9983 2
9992 2
9992 -3
9997 -3
9997 -7
9999 -7
9999 3
9989 3
9989 12
9998 12
10
-2 -8
7 -8
7 -12
12 -12
12 -18
14 -18
14 -7
4 -7
4 2
13 2
10
-6 -9983
-6 -9992
-10 -9992
-10 -9997
-16 -9997
-16 -9999
-5 -9999
-5 -9989
4 -9989
4 -9998
10
-5 1
4 1
4 -3
9 -3
9 -8
12 -8
12 2
1 2
1 11
10 11
10
9989 9990
9989 9992
9994 9992
9994 9997
9999 9997
9999 9999
9988 9999
9988 9989
9995 9989
9995 9996
10
6 -4
6 5
10 5
10 10
15 10
15 12
5 12
5 1
-4 1
-4 11
10
-1 0
8 0
8 -4
13 -4
13 -9
15 -9
15 1
5 1
5 11
14 11
10
9983 -9990
9992 -9990
9992 -9994
9997 -9994
9997 -9999
9999 -9999
9999 -9989
9989 -9989
9989 -9980
9998 -9980
10
-6 -9
4 -9
4 -13
9 -13
9 -18
11 -18
11 -8
1 -8
1 1
10 1
10
9 0
9 9
12 9
12 14
17 14
17 16
7 16
7 6
-2 6
-2 15
10
-5 -3
3 -3
3 -7
9 -7
9 -12
11 -12
11 -2
1 -2
1 7
10 7
10
-9983 4
-9992 4
-9992 8
-9997 8
-9997 14
-9999 14
-9999 3
-9989 3
-9989 -6
-9998 -6
10
-9982 4
-9991 4
-9991 8
-9996 8
-9996 13
-9999 13
-9999 3
-9988 3
-9988 -6
-9997 -6
10
9983 8
9992 8
9992 4
9997 4
9997 -1
9999 -1
9999 10
9989 10
9989 18
9998 18
10
6 2
6 -7
2 -7
2 -12
-3 -12
-3 -14
8 -14
8 -4
16 -4
16 -13
10
9983 -1
9992 -1
9992 -5
9997 -5
9997 -10
9999 -10
9999 0
9988 0
9988 9
9998 9
10
7 4
7 -5
3 -5
3 -10
-2 -10
-2 -12
8 -12
8 -2
18 -2
18 -11
10
9990 -8
9990 1
9994 1
9994 6
9999 6
9999 8
9989 8
9989 -2
9980 -2
9980 7
10
-8 -9982
-8 -9992
-12 -9992
-12 -9997
-17 -9997
-17 -9999
-7 -9999
-7 -9989
2 -9989
2 -9998
10
1 -9
-9 -9
-9 -5
-13 -5
-13 0
-15 0
-15 -10
-5 -10
-5 -19
-14 -19
10
-9983 -8
-9992 -8
-9992 -5
-9997 -5
-9997 1
-9999 1
-9999 -9
-9989 -9
-9989 -18
-9998 -18
10
2 -1
-7 -1
-7 3
-12 3
-12 9
-14 9
-14 -2
-4 -2
-4 -11
-13 -11
10
9 1
0 1
0 5
-5 5
-5 11
-7 11
-7 0
3 0
3 -9
-6 -9
10
-2 -7
-2 2
2 2
2 7
7 7
7 9
-3 9
-3 -2
-12 -2
-12 8
10
-3 6
-3 -3
-7 -3
-7 -8
-13 -8
-13 -10
-2 -10
-2 0
7 0
7 -9
10
2 1
-7 1
-7 5
-12 5
-12 10
-14 10
-14 0
-4 0
-4 -9
-13 -9
10
5 6
-5 6
-5 10
-10 10
-10 15
-12 15
-12 5
-2 5
-2 -4
-11 -4
10
-2 9983
-2 9992
1 9992
1 9997
6 9997
6 9999
-4 9999
-4 9989
-13 9989
-13 9998
10
8 0
8 9
13 9
13 14
17 14
17 16
7 16
7 6
-2 6
-2 15
10
7 9983
7 9992
11 9992
11 9997
16 9997
16 9999
6 9999
6 9989
-3 9989
-3 9998
10
8 -7
-1 -7
-1 -3
-6 -3
-6 2
-8 2
-8 -8
3 -8
3 -17
-8 -17
10
-4 5
-4 -5
-8 -5
-8 -10
-13 -10
-13 -12
-3 -12
-3 -2
6 -2
6 -11
10
-4 6
5 6
5 3
10 3
10 -2
12 -2
12 8
2 8
2 17
11 17
10
2 7
-7 7
-7 10
-12 10
-12 15
-14 15
-14 5
-4 5
-4 -4
-13 -4
10
0 9
-9 9
-9 12
-14 12
-14 18
-16 18
-16 8
-6 8
-6 -1
-15 -1
10
-3 -5
6 -5
6 -9
11 -9
11 -14
13 -14
13 -4
4 -4
4 5
12 5
10
9 5
0 5
0 9
-5 9
-5 14
-8 14
-8 4
3 4
3 -5
-6 -5
10
4 -8
4 1
8 1
8 7
13 7
13 8
3 8
3 -2
-6 -2
-6 7
10
9983 6
9992 6
9992 2
9997 2
9997 -3
9999 -3
9999 7
9989 7
9989 16
9998 16
10
-5 4
-5 -5
-9 -5
-9 -10
-14 -10
-14 -12
-4 -12
-4 -2
6 -2
6 -11
10
2 9983
2 9992
5 9992
5 9997
10 9997
10 9999
0 9999
0 9989
-9 9989
-9 9998
10
0 4
0 -5
-4 -5
-4 -10
-9 -10
-9 -13
1 -13
1 -2
10 -2
10 -11
10
1 9
1 0
-4 0
-4 -5
-8 -5
-8 -7
2 -7
2 3
11 3
11 -6
10
9983 -1
9993 -1
9993 -5
9997 -5
9997 -10
9999 -10
9999 0
9989 0
9989 9
9998 9
10
4 5
4 -5
0 -5
0 -9
-5 -9
-5 -11
5 -11
5 -1
14 -1
14 -10
10
9983 -8
9993 -8
9993 -12
9997 -12
9997 -17
9999 -17
9999 -7
9989 -7
9989 2
9998 2
10
9983 9989
9992 9989
9992 9985
9997 9985
9997 9980
9999 9980
9999 9990
9989 9990
9989 9999
9998 9999
0
